  1.8751  -0.0000 
  1.9031  -0.0000 
  1.9031  -0.0001 
  1.9191  -0.0001 
  1.9243  -0.0001 
  1.9777  -0.0001 
  1.9956  -0.0001 
  2.0128  -0.0001 
  2.0170  -0.0002 
  2.0170  -0.0002 
  2.0212  -0.0002 
  2.0212  -0.0002 
  2.0253  -0.0002 
  2.0294  -0.0003 
  2.0414  -0.0003 
  2.0414  -0.0003 
  2.0569  -0.0003 
  2.0607  -0.0003 
  2.0607  -0.0003 
  2.0645  -0.0004 
  2.0645  -0.0004 
  2.0682  -0.0004 
  2.0682  -0.0004 
  2.0682  -0.0004 
  2.0682  -0.0005 
  2.0755  -0.0005 
  2.0899  -0.0005 
  2.0969  -0.0005 
  2.0969  -0.0005 
  2.1038  -0.0005 
  2.1038  -0.0006 
  2.1106  -0.0006 
  2.1106  -0.0006 
  2.1173  -0.0006 
  2.1206  -0.0006 
  2.1239  -0.0007 
  2.1303  -0.0007 
  2.1335  -0.0007 
  2.1367  -0.0007 
  2.1367  -0.0007 
  2.1367  -0.0007 
  2.1367  -0.0008 
  2.1399  -0.0008 
  2.1461  -0.0008 
  2.1523  -0.0008 
  2.1584  -0.0008 
  2.1614  -0.0009 
  2.1644  -0.0009 
  2.1673  -0.0009 
  2.1673  -0.0009 
  2.1673  -0.0009 
  2.1703  -0.0009 
  2.1732  -0.0010 
  2.1732  -0.0010 
  2.1761  -0.0010 
  2.1761  -0.0010 
  2.1790  -0.0010 
  2.1790  -0.0010 
  2.1818  -0.0011 
  2.1847  -0.0011 
  2.1847  -0.0011 
  2.1875  -0.0011 
  2.1903  -0.0011 
  2.1931  -0.0011 
  2.1931  -0.0012 
  2.1987  -0.0012 
  2.1987  -0.0012 
  2.2041  -0.0012 
  2.2068  -0.0012 
  2.2068  -0.0013 
  2.2095  -0.0013 
  2.2148  -0.0013 
  2.2148  -0.0013 
  2.2175  -0.0013 
  2.2175  -0.0013 
  2.2175  -0.0014 
  2.2201  -0.0014 
  2.2253  -0.0014 
  2.2279  -0.0014 
  2.2279  -0.0014 
  2.2304  -0.0014 
  2.2330  -0.0015 
  2.2430  -0.0015 
  2.2455  -0.0015 
  2.2504  -0.0015 
  2.2577  -0.0015 
  2.2577  -0.0015 
  2.2601  -0.0016 
  2.2648  -0.0016 
  2.2648  -0.0016 
  2.2648  -0.0016 
  2.2672  -0.0016 
  2.2695  -0.0016 
  2.2718  -0.0017 
  2.2718  -0.0017 
  2.2742  -0.0017 
  2.2742  -0.0017 
  2.2742  -0.0017 
  2.2742  -0.0018 
  2.2765  -0.0018 
  2.2765  -0.0018 
  2.2810  -0.0018 
  2.2810  -0.0018 
  2.2810  -0.0018 
  2.2833  -0.0019 
  2.2900  -0.0019 
  2.2900  -0.0019 
  2.2923  -0.0019 
  2.2923  -0.0019 
  2.2923  -0.0019 
  2.2923  -0.0020 
  2.2945  -0.0020 
  2.2967  -0.0020 
  2.2967  -0.0020 
  2.3010  -0.0020 
  2.3032  -0.0020 
  2.3032  -0.0021 
  2.3075  -0.0021 
  2.3075  -0.0021 
  2.3096  -0.0021 
  2.3096  -0.0021 
  2.3139  -0.0022 
  2.3139  -0.0022 
  2.3139  -0.0022 
  2.3181  -0.0022 
  2.3201  -0.0022 
  2.3222  -0.0022 
  2.3243  -0.0023 
  2.3243  -0.0023 
  2.3243  -0.0023 
  2.3243  -0.0023 
  2.3243  -0.0023 
  2.3263  -0.0023 
  2.3304  -0.0024 
  2.3324  -0.0024 
  2.3365  -0.0024 
  2.3365  -0.0024 
  2.3404  -0.0024 
  2.3444  -0.0024 
  2.3464  -0.0025 
  2.3464  -0.0025 
  2.3464  -0.0025 
  2.3483  -0.0025 
  2.3522  -0.0025 
  2.3598  -0.0026 
  2.3636  -0.0026 
  2.3636  -0.0026 
  2.3655  -0.0026 
  2.3655  -0.0026 
  2.3674  -0.0026 
  2.3692  -0.0027 
  2.3692  -0.0027 
  2.3711  -0.0027 
  2.3711  -0.0027 
  2.3747  -0.0027 
  2.3766  -0.0027 
  2.3766  -0.0028 
  2.3784  -0.0028 
  2.3802  -0.0028 
  2.3838  -0.0028 
  2.3874  -0.0028 
  2.3874  -0.0028 
  2.3874  -0.0029 
  2.3945  -0.0029 
  2.3962  -0.0029 
  2.3979  -0.0029 
  2.3979  -0.0029 
  2.3979  -0.0030 
  2.3997  -0.0030 
  2.4014  -0.0030 
  2.4048  -0.0030 
  2.4065  -0.0030 
  2.4082  -0.0030 
  2.4099  -0.0031 
  2.4099  -0.0031 
  2.4133  -0.0031 
  2.4150  -0.0031 
  2.4150  -0.0031 
  2.4183  -0.0031 
  2.4200  -0.0031 
  2.4200  -0.0032 
  2.4216  -0.0032 
  2.4216  -0.0032 
  2.4216  -0.0032 
  2.4216  -0.0032 
  2.4232  -0.0032 
  2.4249  -0.0033 
  2.4265  -0.0033 
  2.4298  -0.0033 
  2.4298  -0.0033 
  2.4330  -0.0033 
  2.4346  -0.0033 
  2.4346  -0.0034 
  2.4362  -0.0034 
  2.4378  -0.0034 
  2.4378  -0.0034 
  2.4409  -0.0034 
  2.4409  -0.0034 
  2.4409  -0.0035 
  2.4425  -0.0035 
  2.4456  -0.0035 
  2.4472  -0.0035 
  2.4472  -0.0035 
  2.4472  -0.0035 
  2.4472  -0.0036 
  2.4518  -0.0036 
  2.4564  -0.0036 
  2.4594  -0.0036 
  2.4594  -0.0036 
  2.4624  -0.0036 
  2.4624  -0.0037 
  2.4624  -0.0037 
  2.4654  -0.0037 
  2.4654  -0.0037 
  2.4654  -0.0037 
  2.4669  -0.0037 
  2.4683  -0.0038 
  2.4698  -0.0038 
  2.4713  -0.0038 
  2.4713  -0.0038 
  2.4728  -0.0038 
  2.4742  -0.0038 
  2.4757  -0.0039 
  2.4757  -0.0039 
  2.4771  -0.0039 
  2.4771  -0.0039 
  2.4771  -0.0039 
  2.4829  -0.0039 
  2.4857  -0.0040 
  2.4871  -0.0040 
  2.4871  -0.0040 
  2.4871  -0.0040 
  2.4886  -0.0040 
  2.4900  -0.0040 
  2.4900  -0.0041 
  2.4914  -0.0041 
  2.4914  -0.0041 
  2.4928  -0.0041 
  2.4942  -0.0041 
  2.4942  -0.0041 
  2.4955  -0.0042 
  2.4955  -0.0042 
  2.4969  -0.0042 
  2.4983  -0.0042 
  2.4983  -0.0042 
  2.5011  -0.0042 
  2.5024  -0.0043 
  2.5024  -0.0043 
  2.5024  -0.0043 
  2.5038  -0.0043 
  2.5038  -0.0043 
  2.5052  -0.0043 
  2.5065  -0.0044 
  2.5065  -0.0044 
  2.5065  -0.0044 
  2.5065  -0.0044 
  2.5065  -0.0044 
  2.5092  -0.0044 
  2.5092  -0.0045 
  2.5119  -0.0045 
  2.5119  -0.0045 
  2.5132  -0.0045 
  2.5132  -0.0045 
  2.5145  -0.0045 
  2.5145  -0.0045 
  2.5145  -0.0046 
  2.5159  -0.0046 
  2.5159  -0.0046 
  2.5172  -0.0046 
  2.5185  -0.0046 
  2.5185  -0.0046 
  2.5185  -0.0047 
  2.5211  -0.0047 
  2.5224  -0.0047 
  2.5237  -0.0047 
  2.5250  -0.0047 
  2.5263  -0.0047 
  2.5263  -0.0048 
  2.5315  -0.0048 
  2.5328  -0.0048 
  2.5328  -0.0048 
  2.5340  -0.0048 
  2.5353  -0.0048 
  2.5391  -0.0049 
  2.5416  -0.0049 
  2.5416  -0.0049 
  2.5428  -0.0049 
  2.5478  -0.0049 
  2.5490  -0.0049 
  2.5502  -0.0050 
  2.5515  -0.0050 
  2.5527  -0.0050 
  2.5551  -0.0050 
  2.5563  -0.0050 
  2.5563  -0.0050 
  2.5563  -0.0051 
  2.5587  -0.0051 
  2.5599  -0.0051 
  2.5635  -0.0051 
  2.5658  -0.0051 
  2.5705  -0.0051 
  2.5705  -0.0052 
  2.5705  -0.0052 
  2.5705  -0.0052 
  2.5705  -0.0052 
  2.5717  -0.0052 
  2.5717  -0.0052 
  2.5729  -0.0568 
  2.5729  -0.0568 
  2.5786  -0.0568 
  2.5786  -0.0568 
  2.5786  -0.0569 
  2.5798  -0.0569 
  2.5809  -0.0569 
  2.5809  -0.0569 
  2.5809  -0.0569 
  2.5809  -0.0570 
  2.5821  -0.0570 
  2.5821  -0.0570 
  2.5832  -0.0570 
  2.5832  -0.0570 
  2.5843  -0.0570 
  2.5855  -0.0571 
  2.5855  -0.0571 
  2.5866  -0.0571 
  2.5911  -0.0571 
  2.5922  -0.0572 
  2.5933  -0.0572 
  2.5933  -0.0572 
  2.5933  -0.0572 
  2.5944  -0.0572 
  2.5944  -0.0572 
  2.5944  -0.0573 
  2.5955  -0.0573 
  2.5955  -0.0573 
  2.5966  -0.0573 
  2.5966  -0.0573 
  2.5966  -0.0574 
  2.5988  -0.0574 
  2.5988  -0.0574 
  2.5999  -0.0574 
  2.5999  -0.0574 
  2.5999  -0.0575 
  2.6021  -0.0575 
  2.6021  -0.0575 
  2.6031  -0.0575 
  2.6042  -0.0575 
  2.6042  -0.0575 
  2.6042  -0.0576 
  2.6053  -0.0576 
  2.6053  -0.0576 
  2.6053  -0.0576 
  2.6053  -0.0576 
  2.6053  -0.0577 
  2.6064  -0.0577 
  2.6085  -0.0577 
  2.6096  -0.0577 
  2.6096  -0.0577 
  2.6107  -0.0578 
  2.6107  -0.0578 
  2.6117  -0.0578 
  2.6117  -0.0578 
  2.6138  -0.0578 
  2.6138  -0.0579 
  2.6160  -0.0579 
  2.6160  -0.0579 
  2.6160  -0.0579 
  2.6170  -0.0579 
  2.6170  -0.0579 
  2.6170  -0.0580 
  2.6170  -0.0580 
  2.6170  -0.0580 
  2.6180  -0.0580 
  2.6180  -0.0580 
  2.6191  -0.0581 
  2.6191  -0.0581 
  2.6191  -0.0581 
  2.6191  -0.0581 
  2.6191  -0.0581 
  2.6201  -0.0581 
  2.6201  -0.0582 
  2.6201  -0.0582 
  2.6212  -0.0582 
  2.6232  -0.0582 
  2.6232  -0.0582 
  2.6253  -0.0583 
  2.6253  -0.0583 
  2.6253  -0.0583 
  2.6253  -0.0583 
  2.6274  -0.0583 
  2.6274  -0.0584 
  2.6284  -0.0584 
  2.6284  -0.0584 
  2.6284  -0.0584 
  2.6294  -0.0584 
  2.6314  -0.0585 
  2.6325  -0.0585 
  2.6335  -0.0585 
  2.6335  -0.0585 
  2.6345  -0.0585 
  2.6345  -0.0586 
  2.6375  -0.0586 
  2.6385  -0.0586 
  2.6385  -0.0586 
  2.6385  -0.0586 
  2.6395  -0.0586 
  2.6415  -0.0587 
  2.6415  -0.0587 
  2.6415  -0.0587 
  2.6415  -0.0587 
  2.6425  -0.0587 
  2.6425  -0.0588 
  2.6444  -0.0588 
  2.6444  -0.0588 
  2.6444  -0.0588 
  2.6444  -0.0588 
  2.6444  -0.0589 
  2.6454  -0.0589 
  2.6454  -0.0589 
  2.6474  -0.0589 
  2.6493  -0.0589 
  2.6493  -0.0590 
  2.6503  -0.0590 
  2.6522  -0.0590 
  2.6532  -0.0590 
  2.6532  -0.0590 
  2.6551  -0.0591 
  2.6551  -0.0591 
  2.6551  -0.0591 
  2.6561  -0.0591 
  2.6561  -0.0591 
  2.6580  -0.0591 
  2.6580  -0.0592 
  2.6628  -0.0592 
  2.6637  -0.0592 
  2.6646  -0.0592 
  2.6656  -0.0592 
  2.6656  -0.0593 
  2.6675  -0.0593 
  2.6675  -0.0593 
  2.6675  -0.0593 
  2.6675  -0.0593 
  2.6684  -0.0594 
  2.6684  -0.0594 
  2.6684  -0.0594 
  2.6693  -0.0594 
  2.6693  -0.0594 
  2.6702  -0.0595 
  2.6712  -0.0595 
  2.6712  -0.0595 
  2.6721  -0.0595 
  2.6730  -0.0595 
  2.6730  -0.0596 
  2.6739  -0.0596 
  2.6749  -0.0596 
  2.6758  -0.0596 
  2.6758  -0.0596 
  2.6767  -0.0597 
  2.6776  -0.0597 
  2.6785  -0.0597 
  2.6785  -0.0597 
  2.6785  -0.0597 
  2.6785  -0.0597 
  2.6794  -0.0598 
  2.6803  -0.0598 
  2.6821  -0.0598 
  2.6821  -0.0598 
  2.6830  -0.0599 
  2.6848  -0.0599 
  2.6866  -0.0599 
  2.6866  -0.0599 
  2.6866  -0.0599 
  2.6875  -0.0600 
  2.6884  -0.0600 
  2.6884  -0.0600 
  2.6884  -0.0600 
  2.6893  -0.0600 
  2.6893  -0.0601 
  2.6902  -0.0601 
  2.6902  -0.0601 
  2.6911  -0.0601 
  2.6911  -0.0601 
  2.6911  -0.0601 
  2.6911  -0.0602 
  2.6920  -0.0602 
  2.6928  -0.0602 
  2.6955  -0.0602 
  2.6955  -0.0603 
  2.6955  -0.0603 
  2.6964  -0.0603 
  2.6981  -0.0603 
  2.7007  -0.0603 
  2.7007  -0.0604 
  2.7007  -0.0604 
  2.7007  -0.0604 
  2.7024  -0.0604 
  2.7024  -0.0604 
  2.7033  -0.0604 
  2.7033  -0.0605 
  2.7042  -0.0605 
  2.7042  -0.0605 
  2.7042  -0.0605 
  2.7050  -0.0605 
  2.7050  -0.0606 
  2.7059  -0.0606 
  2.7059  -0.0606 
  2.7067  -0.0606 
  2.7076  -0.0606 
  2.7084  -0.0607 
  2.7084  -0.0607 
  2.7093  -0.0607 
  2.7093  -0.0607 
  2.7101  -0.0607 
  2.7110  -0.0608 
  2.7118  -0.0608 
  2.7118  -0.0608 
  2.7126  -0.0608 
  2.7126  -0.0609 
  2.7135  -0.0609 
  2.7135  -0.0609 
  2.7143  -0.0609 
  2.7160  -0.0609 
  2.7160  -0.0610 
  2.7160  -0.0610 
  2.7168  -0.0610 
  2.7168  -0.0610 
  2.7168  -0.0610 
  2.7177  -0.0611 
  2.7193  -0.0611 
  2.7193  -0.0611 
  2.7193  -0.0611 
  2.7202  -0.0611 
  2.7202  -0.0611 
  2.7218  -0.0612 
  2.7226  -0.0612 
  2.7235  -0.0612 
  2.7251  -0.0612 
  2.7251  -0.0613 
  2.7259  -0.0613 
  2.7259  -0.0613 
  2.7259  -0.0613 
  2.7259  -0.0613 
  2.7267  -0.0614 
  2.7275  -0.0614 
  2.7284  -0.0614 
  2.7284  -0.0614 
  2.7292  -0.0614 
  2.7300  -0.0615 
  2.7308  -0.0615 
  2.7308  -0.0615 
  2.7316  -0.0615 
  2.7324  -0.0615 
  2.7324  -0.0616 
  2.7332  -0.0616 
  2.7340  -0.0616 
  2.7348  -0.0616 
  2.7356  -0.0616 
  2.7364  -0.0617 
  2.7372  -0.0617 
  2.7380  -0.0617 
  2.7380  -0.0617 
  2.7380  -0.0617 
  2.7396  -0.0618 
  2.7396  -0.0618 
  2.7404  -0.0618 
  2.7412  -0.0618 
  2.7412  -0.0619 
  2.7412  -0.0619 
  2.7412  -0.0619 
  2.7419  -0.0619 
  2.7419  -0.0619 
  2.7419  -0.0619 
  2.7435  -0.0620 
  2.7443  -0.0620 
  2.7459  -0.0620 
  2.7459  -0.0620 
  2.7466  -0.0621 
  2.7466  -0.0621 
  2.7482  -0.0621 
  2.7482  -0.0621 
  2.7513  -0.0621 
  2.7520  -0.0622 
  2.7520  -0.0622 
  2.7520  -0.0622 
  2.7528  -0.0622 
  2.7528  -0.0622 
  2.7536  -0.0622 
  2.7536  -0.0623 
  2.7536  -0.0623 
  2.7551  -0.0623 
  2.7559  -0.0623 
  2.7566  -0.0624 
  2.7574  -0.0624 
  2.7589  -0.0624 
  2.7589  -0.0624 
  2.7597  -0.0624 
  2.7604  -0.0625 
  2.7604  -0.0625 
  2.7627  -0.0625 
  2.7627  -0.0625 
  2.7634  -0.0625 
  2.7634  -0.0626 
  2.7634  -0.0626 
  2.7657  -0.0626 
  2.7657  -0.0626 
  2.7664  -0.0626 
  2.7672  -0.0627 
  2.7679  -0.0627 
  2.7679  -0.0627 
  2.7679  -0.0627 
  2.7686  -0.0627 
  2.7686  -0.0628 
  2.7701  -0.0628 
  2.7701  -0.0628 
  2.7701  -0.0628 
  2.7716  -0.0628 
  2.7723  -0.0629 
  2.7723  -0.0629 
  2.7723  -0.0629 
  2.7731  -0.0629 
  2.7731  -0.0629 
  2.7745  -0.0630 
  2.7745  -0.0630 
  2.7752  -0.0630 
  2.7760  -0.0630 
  2.7760  -0.0630 
  2.7774  -0.0631 
  2.7789  -0.0631 
  2.7803  -0.0631 
  2.7810  -0.0631 
  2.7810  -0.0631 
  2.7825  -0.0632 
  2.7825  -0.0632 
  2.7832  -0.0632 
  2.7832  -0.0632 
  2.7839  -0.0632 
  2.7846  -0.0633 
  2.7853  -0.0633 
  2.7853  -0.0633 
  2.7853  -0.0633 
  2.7860  -0.0633 
  2.7868  -0.0634 
  2.7868  -0.0634 
  2.7875  -0.0634 
  2.7882  -0.0634 
  2.7882  -0.0634 
  2.7889  -0.0635 
  2.7889  -0.0635 
  2.7889  -0.0635 
  2.7896  -0.0635 
  2.7903  -0.0636 
  2.7903  -0.0636 
  2.7903  -0.0636 
  2.7903  -0.0636 
  2.7917  -0.0636 
  2.7924  -0.0636 
  2.7931  -0.0637 
  2.7938  -0.0637 
  2.7938  -0.0637 
  2.7945  -0.0637 
  2.7959  -0.0638 
  2.7966  -0.0638 
  2.7973  -0.0638 
  2.7980  -0.0638 
  2.7987  -0.0639 
  2.7993  -0.0639 
  2.8000  -0.0639 
  2.8000  -0.0639 
  2.8000  -0.0639 
  2.8014  -0.0640 
  2.8041  -0.0640 
  2.8048  -0.0640 
  2.8048  -0.0640 
  2.8048  -0.0640 
  2.8048  -0.0641 
  2.8055  -0.0641 
  2.8062  -0.0641 
  2.8062  -0.0641 
  2.8062  -0.0641 
  2.8069  -0.0642 
  2.8082  -0.0642 
  2.8089  -0.0642 
  2.8096  -0.0642 
  2.8102  -0.0643 
  2.8109  -0.0643 
  2.8116  -0.0643 
  2.8116  -0.0643 
  2.8129  -0.0643 
  2.8136  -0.0644 
  2.8136  -0.0644 
  2.8149  -0.0644 
  2.8149  -0.0644 
  2.8156  -0.0644 
  2.8156  -0.0645 
  2.8162  -0.0645 
  2.8169  -0.0645 
  2.8169  -0.0645 
  2.8169  -0.0645 
  2.8176  -0.0645 
  2.8182  -0.0646 
  2.8189  -0.0646 
  2.8189  -0.0646 
  2.8195  -0.0646 
  2.8195  -0.0646 
  2.8202  -0.0646 
  2.8209  -0.0647 
  2.8222  -0.0647 
  2.8228  -0.0647 
  2.8228  -0.0647 
  2.8235  -0.0647 
  2.8241  -0.0647 
  2.8248  -0.0648 
  2.8248  -0.0648 
  2.8248  -0.0648 
  2.8248  -0.0648 
  2.8254  -0.0648 
  2.8261  -0.0648 
  2.8274  -0.0649 
  2.8280  -0.0649 
  2.8280  -0.0649 
  2.8280  -0.0649 
  2.8293  -0.0649 
  2.8299  -0.0649 
  2.8299  -0.0650 
  2.8299  -0.0650 
  2.8299  -0.0650 
  2.8325  -0.0650 
  2.8325  -0.0650 
  2.8331  -0.0650 
  2.8338  -0.0651 
  2.8338  -0.0651 
  2.8351  -0.0651 
  2.8357  -0.0651 
  2.8357  -0.0651 
  2.8370  -0.0651 
  2.8370  -0.0652 
  2.8370  -0.0652 
  2.8382  -0.0652 
  2.8388  -0.0652 
  2.8395  -0.0652 
  2.8395  -0.0652 
  2.8401  -0.0653 
  2.8401  -0.0653 
  2.8426  -0.0653 
  2.8426  -0.0653 
  2.8432  -0.0653 
  2.8439  -0.0653 
  2.8439  -0.0654 
  2.8439  -0.0654 
  2.8445  -0.0654 
  2.8445  -0.0654 
  2.8445  -0.0654 
  2.8445  -0.0654 
  2.8451  -0.0655 
  2.8451  -0.0655 
  2.8451  -0.0655 
  2.8451  -0.0655 
  2.8457  -0.0655 
  2.8463  -0.0655 
  2.8463  -0.0656 
  2.8470  -0.0656 
  2.8488  -0.0656 
  2.8500  -0.0656 
  2.8506  -0.0656 
  2.8506  -0.0656 
  2.8506  -0.0657 
  2.8513  -0.0657 
  2.8519  -0.0657 
  2.8537  -0.0657 
  2.8555  -0.0657 
  2.8555  -0.0657 
  2.8561  -0.0658 
  2.8567  -0.0658 
  2.8567  -0.0658 
  2.8573  -0.0658 
  2.8579  -0.0658 
  2.8585  -0.0658 
  2.8585  -0.0659 
  2.8591  -0.0659 
  2.8597  -0.0659 
  2.8597  -0.0659 
  2.8603  -0.0659 
  2.8603  -0.0659 
  2.8609  -0.0660 
  2.8609  -0.0660 
  2.8615  -0.0660 
  2.8621  -0.0660 
  2.8621  -0.0660 
  2.8633  -0.0661 
  2.8639  -0.0661 
  2.8651  -0.0661 
  2.8651  -0.0661 
  2.8657  -0.0661 
  2.8657  -0.0661 
  2.8657  -0.0662 
  2.8657  -0.0662 
  2.8663  -0.0662 
  2.8681  -0.0662 
  2.8681  -0.0662 
  2.8686  -0.0662 
  2.8686  -0.0663 
  2.8692  -0.0663 
  2.8692  -0.0663 
  2.8692  -0.0663 
  2.8704  -0.0663 
  2.8704  -0.0663 
  2.8710  -0.0664 
  2.8727  -0.0664 
  2.8727  -0.0664 
  2.8733  -0.0664 
  2.8733  -0.0664 
  2.8739  -0.0664 
  2.8745  -0.0665 
  2.8745  -0.0665 
  2.8745  -0.0665 
  2.8774  -0.0665 
  2.8785  -0.0665 
  2.8791  -0.0665 
  2.8791  -0.0666 
  2.8797  -0.0666 
  2.8797  -0.0666 
  2.8802  -0.0666 
  2.8814  -0.0666 
  2.8820  -0.0666 
  2.8831  -0.0667 
  2.8837  -0.0667 
  2.8837  -0.0667 
  2.8837  -0.0667 
  2.8842  -0.0667 
  2.8848  -0.0667 
  2.8848  -0.0668 
  2.8854  -0.0668 
  2.8854  -0.0668 
  2.8854  -0.0668 
  2.8854  -0.0668 
  2.8859  -0.0668 
  2.8859  -0.0669 
  2.8865  -0.0669 
  2.8871  -0.0669 
  2.8871  -0.0669 
  2.8871  -0.0669 
  2.8876  -0.0669 
  2.8882  -0.0670 
  2.8882  -0.0670 
  2.8882  -0.0670 
  2.8887  -0.0670 
  2.8887  -0.0670 
  2.8887  -0.0670 
  2.8899  -0.0671 
  2.8904  -0.0671 
  2.8904  -0.0671 
  2.8915  -0.0671 
  2.8927  -0.0671 
  2.8927  -0.0671 
  2.8927  -0.0672 
  2.8927  -0.0672 
  2.8927  -0.0672 
  2.8932  -0.0672 
  2.8932  -0.0672 
  2.8938  -0.0672 
  2.8938  -0.0673 
  2.8943  -0.0673 
  2.8954  -0.0673 
  2.8960  -0.0673 
  2.8971  -0.0673 
  2.8976  -0.0673 
  2.8982  -0.0674 
  2.8993  -0.0963 
  2.8998  -0.0964 
  2.8998  -0.0964 
  2.9004  -0.0964 
  2.9004  -0.0964 
  2.9015  -0.0965 
  2.9020  -0.0965 
  2.9020  -0.0965 
  2.9020  -0.0965 
  2.9031  -0.0965 
  2.9036  -0.0966 
  2.9036  -0.0966 
  2.9036  -0.0966 
  2.9036  -0.0966 
  2.9042  -0.0966 
  2.9042  -0.0967 
  2.9053  -0.0967 
  2.9053  -0.0967 
  2.9063  -0.0967 
  2.9074  -0.0968 
  2.9079  -0.0968 
  2.9090  -0.0968 
  2.9096  -0.0968 
  2.9101  -0.0969 
  2.9112  -0.0969 
  2.9112  -0.0969 
  2.9112  -0.0969 
  2.9117  -0.0969 
  2.9143  -0.0970 
  2.9149  -0.0970 
  2.9149  -0.0970 
  2.9165  -0.0970 
  2.9165  -0.0971 
  2.9165  -0.0971 
  2.9175  -0.0971 
  2.9175  -0.0971 
  2.9191  -0.0971 
  2.9191  -0.0972 
  2.9196  -0.0972 
  2.9206  -0.0972 
  2.9206  -0.0972 
  2.9217  -0.0972 
  2.9217  -0.0973 
  2.9217  -0.0973 
  2.9222  -0.0973 
  2.9227  -0.0973 
  2.9227  -0.0973 
  2.9232  -0.0974 
  2.9232  -0.0974 
  2.9238  -0.0974 
  2.9243  -0.0974 
  2.9248  -0.0975 
  2.9253  -0.0975 
  2.9263  -0.0975 
  2.9274  -0.0975 
  2.9274  -0.0976 
  2.9274  -0.0976 
  2.9279  -0.0976 
  2.9289  -0.0976 
  2.9294  -0.0977 
  2.9309  -0.0977 
  2.9315  -0.0977 
  2.9320  -0.0977 
  2.9320  -0.0977 
  2.9320  -0.0978 
  2.9320  -0.0978 
  2.9325  -0.0978 
  2.9325  -0.0978 
  2.9330  -0.0978 
  2.9335  -0.0979 
  2.9335  -0.0979 
  2.9335  -0.0979 
  2.9335  -0.0979 
  2.9340  -0.0979 
  2.9340  -0.0980 
  2.9345  -0.0980 
  2.9345  -0.0980 
  2.9345  -0.0980 
  2.9360  -0.0980 
  2.9360  -0.0981 
  2.9360  -0.0981 
  2.9365  -0.0981 
  2.9370  -0.0981 
  2.9380  -0.0982 
  2.9380  -0.0982 
  2.9380  -0.0982 
  2.9385  -0.0982 
  2.9385  -0.0982 
  2.9390  -0.0983 
  2.9395  -0.0983 
  2.9395  -0.0983 
  2.9395  -0.0983 
  2.9400  -0.0983 
  2.9400  -0.0984 
  2.9405  -0.0984 
  2.9405  -0.0984 
  2.9410  -0.0984 
  2.9415  -0.0985 
  2.9420  -0.0985 
  2.9425  -0.0985 
  2.9425  -0.0985 
  2.9425  -0.0985 
  2.9425  -0.0986 
  2.9430  -0.0986 
  2.9435  -0.0986 
  2.9435  -0.0986 
  2.9440  -0.0986 
  2.9440  -0.0987 
  2.9460  -0.0987 
  2.9465  -0.0987 
  2.9469  -0.0987 
  2.9474  -0.0988 
  2.9474  -0.0988 
  2.9474  -0.0988 
  2.9484  -0.0988 
  2.9489  -0.0988 
  2.9494  -0.0989 
  2.9499  -0.0989 
  2.9499  -0.0989 
  2.9499  -0.0989 
  2.9499  -0.0990 
  2.9504  -0.0990 
  2.9504  -0.0990 
  2.9509  -0.0990 
  2.9509  -0.0990 
  2.9513  -0.0991 
  2.9513  -0.0991 
  2.9513  -0.0991 
  2.9518  -0.0991 
  2.9518  -0.0991 
  2.9518  -0.0992 
  2.9523  -0.0992 
  2.9523  -0.0992 
  2.9523  -0.0992 
  2.9523  -0.0992 
  2.9523  -0.0992 
  2.9528  -0.0993 
  2.9538  -0.0993 
  2.9542  -0.0993 
  2.9542  -0.0993 
  2.9547  -0.0994 
  2.9547  -0.0994 
  2.9552  -0.0994 
  2.9552  -0.0994 
  2.9557  -0.0995 
  2.9562  -0.0995 
  2.9562  -0.0995 
  2.9581  -0.0995 
  2.9581  -0.0995 
  2.9581  -0.0996 
  2.9590  -0.0996 
  2.9590  -0.0996 
  2.9595  -0.0996 
  2.9595  -0.0996 
  2.9605  -0.0997 
  2.9605  -0.0997 
  2.9609  -0.0997 
  2.9609  -0.0997 
  2.9609  -0.0998 
  2.9619  -0.0998 
  2.9624  -0.0998 
  2.9633  -0.0998 
  2.9638  -0.0999 
  2.9647  -0.0999 
  2.9647  -0.0999 
  2.9647  -0.0999 
  2.9652  -0.0999 
  2.9657  -0.1000 
  2.9657  -0.1000 
  2.9657  -0.1000 
  2.9661  -0.1000 
  2.9661  -0.1001 
  2.9661  -0.1001 
  2.9661  -0.1001 
  2.9666  -0.1001 
  2.9666  -0.1001 
  2.9671  -0.1002 
  2.9671  -0.1002 
  2.9680  -0.1002 
  2.9680  -0.1002 
  2.9680  -0.1002 
  2.9685  -0.1003 
  2.9689  -0.1003 
  2.9694  -0.1003 
  2.9694  -0.1003 
  2.9694  -0.1003 
  2.9699  -0.1004 
  2.9703  -0.1004 
  2.9703  -0.1004 
  2.9713  -0.1004 
  2.9717  -0.1005 
  2.9727  -0.1005 
  2.9731  -0.1005 
  2.9731  -0.1005 
  2.9736  -0.1006 
  2.9741  -0.1006 
  2.9768  -0.1006 
  2.9768  -0.1006 
  2.9777  -0.1007 
  2.9782  -0.1007 
  2.9786  -0.1007 
  2.9791  -0.1007 
  2.9791  -0.1007 
  2.9791  -0.1008 
  2.9795  -0.1008 
  2.9800  -0.1008 
  2.9800  -0.1008 
  2.9805  -0.1008 
  2.9809  -0.1008 
  2.9809  -0.1009 
  2.9809  -0.1009 
  2.9809  -0.1009 
  2.9814  -0.1009 
  2.9818  -0.1009 
  2.9836  -0.1009 
  2.9841  -0.1010 
  2.9841  -0.1010 
  2.9841  -0.1010 
  2.9850  -0.1010 
  2.9850  -0.1010 
  2.9854  -0.1010 
  2.9859  -0.1011 
  2.9859  -0.1011 
  2.9859  -0.1011 
  2.9859  -0.1011 
  2.9863  -0.1011 
  2.9863  -0.1011 
  2.9863  -0.1012 
  2.9868  -0.1012 
  2.9872  -0.1012 
  2.9872  -0.1012 
  2.9872  -0.1012 
  2.9877  -0.1012 
  2.9881  -0.1013 
  2.9886  -0.1013 
  2.9890  -0.1013 
  2.9894  -0.1013 
  2.9894  -0.1013 
  2.9894  -0.1014 
  2.9903  -0.1014 
  2.9903  -0.1014 
  2.9912  -0.1014 
  2.9926  -0.1014 
  2.9930  -0.1014 
  2.9930  -0.1015 
  2.9930  -0.1015 
  2.9939  -0.1015 
  2.9948  -0.1015 
  2.9948  -0.1015 
  2.9952  -0.1015 
  2.9952  -0.1016 
  2.9956  -0.1016 
  2.9956  -0.1016 
  2.9961  -0.1016 
  2.9961  -0.1016 
  2.9965  -0.1016 
  2.9965  -0.1017 
  2.9974  -0.1017 
  2.9974  -0.1017 
  2.9978  -0.1017 
  2.9978  -0.1017 
  2.9978  -0.1017 
  2.9983  -0.1018 
  2.9983  -0.1018 
  2.9987  -0.1018 
  2.9991  -0.1018 
  2.9996  -0.1018 
  3.0000  -0.1018 
  3.0000  -0.1019 
  3.0000  -0.1019 
  3.0000  -0.1019 
  3.0009  -0.1019 
  3.0013  -0.1019 
  3.0026  -0.1019 
  3.0026  -0.1020 
  3.0035  -0.1020 
  3.0039  -0.1020 
  3.0048  -0.1020 
  3.0048  -0.1020 
  3.0048  -0.1020 
  3.0056  -0.1021 
  3.0060  -0.1021 
  3.0065  -0.1021 
  3.0073  -0.1021 
  3.0073  -0.1021 
  3.0082  -0.1021 
  3.0082  -0.1022 
  3.0082  -0.1022 
  3.0082  -0.1022 
  3.0090  -0.1022 
  3.0095  -0.1022 
  3.0099  -0.1023 
  3.0103  -0.1023 
  3.0103  -0.1023 
  3.0103  -0.1023 
  3.0103  -0.1023 
  3.0120  -0.1023 
  3.0124  -0.1024 
  3.0128  -0.1024 
  3.0128  -0.1024 
  3.0128  -0.1024 
  3.0128  -0.1024 
  3.0133  -0.1024 
  3.0137  -0.1025 
  3.0145  -0.1025 
  3.0145  -0.1025 
  3.0145  -0.1025 
  3.0145  -0.1025 
  3.0149  -0.1025 
  3.0154  -0.1026 
  3.0158  -0.1026 
  3.0158  -0.1026 
  3.0162  -0.1026 
  3.0175  -0.1026 
  3.0179  -0.1026 
  3.0179  -0.1027 
  3.0183  -0.1027 
  3.0183  -0.1027 
  3.0187  -0.1027 
  3.0187  -0.1027 
  3.0195  -0.1027 
  3.0199  -0.1028 
  3.0199  -0.1028 
  3.0204  -0.1028 
  3.0204  -0.1028 
  3.0204  -0.1028 
  3.0208  -0.1028 
  3.0208  -0.1029 
  3.0208  -0.1029 
  3.0212  -0.1029 
  3.0212  -0.1029 
  3.0216  -0.1029 
  3.0216  -0.1029 
  3.0216  -0.1030 
  3.0220  -0.1030 
  3.0224  -0.1030 
  3.0224  -0.1030 
  3.0228  -0.1030 
  3.0233  -0.1031 
  3.0237  -0.1031 
  3.0241  -0.1031 
  3.0249  -0.1239 
  3.0249  -0.1239 
  3.0257  -0.1239 
  3.0265  -0.1239 
  3.0265  -0.1240 
  3.0269  -0.1240 
  3.0273  -0.1240 
  3.0278  -0.1240 
  3.0282  -0.1241 
  3.0282  -0.1241 
  3.0282  -0.1241 
  3.0310  -0.1241 
  3.0310  -0.1242 
  3.0314  -0.1242 
  3.0314  -0.1242 
  3.0318  -0.1242 
  3.0318  -0.1242 
  3.0322  -0.1243 
  3.0322  -0.1243 
  3.0326  -0.1243 
  3.0326  -0.1243 
  3.0326  -0.1244 
  3.0334  -0.1244 
  3.0334  -0.1244 
  3.0346  -0.1244 
  3.0346  -0.1244 
  3.0350  -0.1245 
  3.0350  -0.1245 
  3.0354  -0.1245 
  3.0358  -0.1245 
  3.0358  -0.1246 
  3.0374  -0.1246 
  3.0374  -0.1246 
  3.0386  -0.1246 
  3.0390  -0.1247 
  3.0394  -0.1247 
  3.0394  -0.1247 
  3.0398  -0.1247 
  3.0398  -0.1248 
  3.0406  -0.1248 
  3.0410  -0.1248 
  3.0414  -0.1248 
  3.0418  -0.1249 
  3.0418  -0.1249 
  3.0418  -0.1249 
  3.0418  -0.1249 
  3.0422  -0.1249 
  3.0430  -0.1250 
  3.0434  -0.1250 
  3.0445  -0.1250 
  3.0445  -0.1250 
  3.0449  -0.1251 
  3.0449  -0.1251 
  3.0461  -0.1251 
  3.0465  -0.1251 
  3.0465  -0.1252 
  3.0469  -0.1252 
  3.0473  -0.1252 
  3.0481  -0.1252 
  3.0484  -0.1253 
  3.0484  -0.1253 
  3.0492  -0.1253 
  3.0496  -0.1253 
  3.0496  -0.1254 
  3.0496  -0.1254 
  3.0500  -0.1254 
  3.0500  -0.1254 
  3.0500  -0.1254 
  3.0500  -0.1255 
  3.0504  -0.1255 
  3.0504  -0.1255 
  3.0504  -0.1255 
  3.0508  -0.1256 
  3.0508  -0.1256 
  3.0508  -0.1256 
  3.0515  -0.1256 
  3.0519  -0.1256 
  3.0523  -0.1257 
  3.0531  -0.1257 
  3.0531  -0.1257 
  3.0546  -0.1257 
  3.0546  -0.1258 
  3.0546  -0.1258 
  3.0558  -0.1258 
  3.0561  -0.1258 
  3.0561  -0.1259 
  3.0561  -0.1259 
  3.0565  -0.1259 
  3.0565  -0.1259 
  3.0573  -0.1259 
  3.0577  -0.1260 
  3.0577  -0.1260 
  3.0580  -0.1260 
  3.0580  -0.1260 
  3.0584  -0.1261 
  3.0584  -0.1261 
  3.0588  -0.1261 
  3.0596  -0.1261 
  3.0596  -0.1262 
  3.0596  -0.1262 
  3.0607  -0.1262 
  3.0611  -0.1262 
  3.0611  -0.1263 
  3.0611  -0.1263 
  3.0618  -0.1263 
  3.0618  -0.1263 
  3.0622  -0.1263 
  3.0622  -0.1264 
  3.0630  -0.1264 
  3.0633  -0.1264 
  3.0637  -0.1264 
  3.0641  -0.1265 
  3.0641  -0.1265 
  3.0641  -0.1265 
  3.0645  -0.1265 
  3.0652  -0.1266 
  3.0656  -0.1266 
  3.0656  -0.1266 
  3.0660  -0.1266 
  3.0682  -0.1267 
  3.0682  -0.1267 
  3.0686  -0.1267 
  3.0686  -0.1267 
  3.0689  -0.1268 
  3.0689  -0.1268 
  3.0693  -0.1268 
  3.0693  -0.1268 
  3.0693  -0.1268 
  3.0697  -0.1269 
  3.0700  -0.1269 
  3.0700  -0.1269 
  3.0704  -0.1270 
  3.0704  -0.1270 
  3.0715  -0.1270 
  3.0722  -0.1270 
  3.0726  -0.1270 
  3.0726  -0.1270 
  3.0730  -0.1271 
  3.0748  -0.1271 
  3.0748  -0.1271 
  3.0748  -0.1271 
  3.0752  -0.1271 
  3.0752  -0.1271 
  3.0755  -0.1272 
  3.0763  -0.1272 
  3.0763  -0.1272 
  3.0763  -0.1272 
  3.0766  -0.1272 
  3.0766  -0.1272 
  3.0774  -0.1273 
  3.0777  -0.1273 
  3.0781  -0.1273 
  3.0781  -0.1273 
  3.0788  -0.1273 
  3.0788  -0.1273 
  3.0792  -0.1274 
  3.0795  -0.1274 
  3.0795  -0.1274 
  3.0799  -0.1274 
  3.0799  -0.1274 
  3.0799  -0.1274 
  3.0803  -0.1275 
  3.0806  -0.1275 
  3.0810  -0.1275 
  3.0810  -0.1275 
  3.0821  -0.1275 
  3.0824  -0.1275 
  3.0831  -0.1276 
  3.0842  -0.1276 
  3.0849  -0.1276 
  3.0871  -0.1276 
  3.0874  -0.1276 
  3.0881  -0.1276 
  3.0881  -0.1277 
  3.0881  -0.1277 
  3.0885  -0.1277 
  3.0892  -0.1277 
  3.0896  -0.1277 
  3.0913  -0.1277 
  3.0917  -0.1278 
  3.0927  -0.1278 
  3.0931  -0.1278 
  3.0931  -0.1278 
  3.0938  -0.1278 
  3.0938  -0.1278 
  3.0938  -0.1279 
  3.0941  -0.1409 
  3.0945  -0.1410 
  3.0945  -0.1410 
  3.0952  -0.1410 
  3.0962  -0.1411 
  3.0962  -0.1411 
  3.0966  -0.1411 
  3.0966  -0.1411 
  3.0966  -0.1411 
  3.0969  -0.1412 
  3.0969  -0.1412 
  3.0973  -0.1412 
  3.0980  -0.1412 
  3.0983  -0.1413 
  3.0990  -0.1413 
  3.0993  -0.1413 
  3.0997  -0.1414 
  3.1000  -0.1414 
  3.1004  -0.1414 
  3.1007  -0.1415 
  3.1007  -0.1415 
  3.1011  -0.1415 
  3.1011  -0.1415 
  3.1011  -0.1415 
  3.1011  -0.1416 
  3.1014  -0.1416 
  3.1017  -0.1416 
  3.1021  -0.1416 
  3.1024  -0.1417 
  3.1028  -0.1417 
  3.1035  -0.1417 
  3.1035  -0.1418 
  3.1038  -0.1418 
  3.1048  -0.1418 
  3.1052  -0.1419 
  3.1052  -0.1419 
  3.1059  -0.1419 
  3.1059  -0.1419 
  3.1065  -0.1419 
  3.1065  -0.1420 
  3.1069  -0.1420 
  3.1069  -0.1420 
  3.1069  -0.1420 
  3.1072  -0.1421 
  3.1072  -0.1421 
  3.1072  -0.1421 
  3.1075  -0.1421 
  3.1075  -0.1421 
  3.1079  -0.1422 
  3.1082  -0.1422 
  3.1086  -0.1422 
  3.1089  -0.1423 
  3.1092  -0.1423 
  3.1092  -0.1423 
  3.1099  -0.1423 
  3.1099  -0.1424 
  3.1099  -0.1424 
  3.1103  -0.1424 
  3.1106  -0.1424 
  3.1109  -0.1425 
  3.1113  -0.1425 
  3.1113  -0.1425 
  3.1119  -0.1425 
  3.1119  -0.1426 
  3.1123  -0.1426 
  3.1133  -0.1426 
  3.1143  -0.1427 
  3.1149  -0.1427 
  3.1149  -0.1427 
  3.1153  -0.1427 
  3.1153  -0.1428 
  3.1156  -0.1428 
  3.1163  -0.1428 
  3.1166  -0.1429 
  3.1166  -0.1429 
  3.1169  -0.1429 
  3.1169  -0.1429 
  3.1173  -0.1430 
  3.1179  -0.1430 
  3.1186  -0.1430 
  3.1189  -0.1430 
  3.1189  -0.1431 
  3.1189  -0.1431 
  3.1189  -0.1431 
  3.1193  -0.1431 
  3.1193  -0.1431 
  3.1193  -0.1432 
  3.1196  -0.1432 
  3.1202  -0.1432 
  3.1206  -0.1433 
  3.1212  -0.1433 
  3.1222  -0.1433 
  3.1222  -0.1433 
  3.1225  -0.1433 
  3.1232  -0.1434 
  3.1232  -0.1434 
  3.1239  -0.1434 
  3.1242  -0.1434 
  3.1242  -0.1434 
  3.1248  -0.1434 
  3.1261  -0.1435 
  3.1261  -0.1435 
  3.1268  -0.1435 
  3.1268  -0.1435 
  3.1268  -0.1435 
  3.1274  -0.1436 
  3.1274  -0.1436 
  3.1278  -0.1436 
  3.1287  -0.1436 
  3.1290  -0.1436 
  3.1300  -0.1436 
  3.1303  -0.1437 
  3.1310  -0.1437 
  3.1310  -0.1437 
  3.1310  -0.1437 
  3.1319  -0.1437 
  3.1323  -0.1437 
  3.1326  -0.1438 
  3.1332  -0.1438 
  3.1345  -0.1438 
  3.1348  -0.1438 
  3.1355  -0.1438 
  3.1358  -0.1438 
  3.1361  -0.1439 
  3.1370  -0.1439 
  3.1370  -0.1439 
  3.1370  -0.1439 
  3.1370  -0.1439 
  3.1377  -0.1440 
  3.1377  -0.1440 
  3.1377  -0.1440 
  3.1377  -0.1440 
  3.1380  -0.1440 
  3.1383  -0.1440 
  3.1383  -0.1441 
  3.1383  -0.1441 
  3.1386  -0.1441 
  3.1389  -0.1441 
  3.1389  -0.1441 
  3.1396  -0.1441 
  3.1396  -0.1442 
  3.1396  -0.1442 
  3.1399  -0.1442 
  3.1402  -0.1555 
  3.1405  -0.1555 
  3.1411  -0.1556 
  3.1411  -0.1556 
  3.1414  -0.1556 
  3.1414  -0.1556 
  3.1414  -0.1556 
  3.1418  -0.1557 
  3.1421  -0.1557 
  3.1421  -0.1557 
  3.1430  -0.1558 
  3.1430  -0.1558 
  3.1430  -0.1558 
  3.1440  -0.1558 
  3.1440  -0.1559 
  3.1446  -0.1559 
  3.1449  -0.1559 
  3.1455  -0.1560 
  3.1461  -0.1560 
  3.1461  -0.1560 
  3.1461  -0.1560 
  3.1464  -0.1561 
  3.1471  -0.1561 
  3.1474  -0.1561 
  3.1495  -0.1562 
  3.1495  -0.1562 
  3.1498  -0.1562 
  3.1501  -0.1562 
  3.1504  -0.1563 
  3.1508  -0.1563 
  3.1514  -0.1563 
  3.1514  -0.1564 
  3.1520  -0.1564 
  3.1520  -0.1564 
  3.1523  -0.1564 
  3.1526  -0.1565 
  3.1526  -0.1565 
  3.1529  -0.1565 
  3.1532  -0.1566 
  3.1532  -0.1566 
  3.1535  -0.1566 
  3.1538  -0.1566 
  3.1538  -0.1567 
  3.1541  -0.1567 
  3.1547  -0.1567 
  3.1550  -0.1568 
  3.1550  -0.1568 
  3.1562  -0.1568 
  3.1565  -0.1568 
  3.1565  -0.1569 
  3.1565  -0.1569 
  3.1569  -0.1569 
  3.1569  -0.1569 
  3.1572  -0.1570 
  3.1575  -0.1570 
  3.1578  -0.1570 
  3.1581  -0.1571 
  3.1581  -0.1571 
  3.1581  -0.1571 
  3.1584  -0.1571 
  3.1587  -0.1572 
  3.1590  -0.1572 
  3.1593  -0.1572 
  3.1599  -0.1573 
  3.1599  -0.1573 
  3.1605  -0.1573 
  3.1605  -0.1573 
  3.1608  -0.1574 
  3.1608  -0.1574 
  3.1611  -0.1574 
  3.1614  -0.1574 
  3.1620  -0.1575 
  3.1623  -0.1575 
  3.1626  -0.1575 
  3.1635  -0.1575 
  3.1635  -0.1575 
  3.1638  -0.1576 
  3.1641  -0.1576 
  3.1641  -0.1576 
  3.1644  -0.1576 
  3.1644  -0.1576 
  3.1647  -0.1577 
  3.1652  -0.1577 
  3.1655  -0.1577 
  3.1658  -0.1577 
  3.1658  -0.1577 
  3.1667  -0.1577 
  3.1670  -0.1578 
  3.1673  -0.1578 
  3.1682  -0.1578 
  3.1685  -0.1578 
  3.1688  -0.1578 
  3.1688  -0.1579 
  3.1688  -0.1579 
  3.1694  -0.1579 
  3.1700  -0.1579 
  3.1706  -0.1579 
  3.1708  -0.1579 
  3.1711  -0.1580 
  3.1711  -0.1580 
  3.1717  -0.1580 
  3.1720  -0.1580 
  3.1720  -0.1580 
  3.1723  -0.1581 
  3.1723  -0.1581 
  3.1729  -0.1581 
  3.1738  -0.1581 
  3.1749  -0.1581 
  3.1749  -0.1581 
  3.1749  -0.1582 
  3.1749  -0.1582 
  3.1749  -0.1582 
  3.1752  -0.1582 
  3.1752  -0.1582 
  3.1758  -0.1583 
  3.1761  -0.1583 
  3.1764  -0.1583 
  3.1764  -0.1583 
  3.1764  -0.1583 
  3.1772  -0.1583 
  3.1775  -0.1683 
  3.1775  -0.1683 
  3.1787  -0.1684 
  3.1787  -0.1684 
  3.1790  -0.1684 
  3.1790  -0.1685 
  3.1798  -0.1685 
  3.1801  -0.1685 
  3.1816  -0.1686 
  3.1821  -0.1686 
  3.1830  -0.1686 
  3.1830  -0.1686 
  3.1833  -0.1687 
  3.1838  -0.1687 
  3.1838  -0.1687 
  3.1841  -0.1688 
  3.1844  -0.1688 
  3.1844  -0.1688 
  3.1847  -0.1689 
  3.1853  -0.1689 
  3.1855  -0.1689 
  3.1858  -0.1690 
  3.1858  -0.1690 
  3.1858  -0.1690 
  3.1858  -0.1690 
  3.1861  -0.1690 
  3.1864  -0.1691 
  3.1867  -0.1691 
  3.1870  -0.1692 
  3.1870  -0.1692 
  3.1870  -0.1692 
  3.1870  -0.1692 
  3.1878  -0.1692 
  3.1881  -0.1693 
  3.1884  -0.1693 
  3.1886  -0.1693 
  3.1886  -0.1694 
  3.1898  -0.1694 
  3.1903  -0.1694 
  3.1903  -0.1695 
  3.1909  -0.1695 
  3.1912  -0.1695 
  3.1915  -0.1696 
  3.1917  -0.1696 
  3.1920  -0.1696 
  3.1923  -0.1697 
  3.1923  -0.1697 
  3.1926  -0.1697 
  3.1934  -0.1698 
  3.1937  -0.1698 
  3.1937  -0.1698 
  3.1940  -0.1698 
  3.1940  -0.1699 
  3.1945  -0.1699 
  3.1945  -0.1699 
  3.1953  -0.1699 
  3.1953  -0.1700 
  3.1953  -0.1700 
  3.1956  -0.1700 
  3.1965  -0.1700 
  3.1970  -0.1700 
  3.1973  -0.1701 
  3.1976  -0.1701 
  3.1984  -0.1701 
  3.1987  -0.1701 
  3.1987  -0.1701 
  3.1992  -0.1702 
  3.1995  -0.1702 
  3.1998  -0.1702 
  3.1998  -0.1702 
  3.2000  -0.1702 
  3.2011  -0.1702 
  3.2011  -0.1703 
  3.2014  -0.1703 
  3.2014  -0.1703 
  3.2019  -0.1703 
  3.2022  -0.1703 
  3.2028  -0.1703 
  3.2028  -0.1704 
  3.2030  -0.1704 
  3.2033  -0.1704 
  3.2033  -0.1704 
  3.2038  -0.1704 
  3.2044  -0.1704 
  3.2057  -0.1705 
  3.2060  -0.1705 
  3.2066  -0.1705 
  3.2071  -0.1705 
  3.2071  -0.1705 
  3.2074  -0.1705 
  3.2074  -0.1706 
  3.2079  -0.1706 
  3.2079  -0.1706 
  3.2082  -0.1706 
  3.2084  -0.1706 
  3.2090  -0.1796 
  3.2095  -0.1796 
  3.2098  -0.1797 
  3.2101  -0.1797 
  3.2101  -0.1797 
  3.2103  -0.1798 
  3.2106  -0.1798 
  3.2109  -0.1798 
  3.2111  -0.1799 
  3.2117  -0.1799 
  3.2117  -0.1799 
  3.2119  -0.1800 
  3.2125  -0.1800 
  3.2125  -0.1800 
  3.2125  -0.1800 
  3.2138  -0.1801 
  3.2138  -0.1801 
  3.2140  -0.1801 
  3.2140  -0.1802 
  3.2143  -0.1802 
  3.2146  -0.1802 
  3.2148  -0.1803 
  3.2154  -0.1803 
  3.2156  -0.1803 
  3.2159  -0.1804 
  3.2159  -0.1804 
  3.2159  -0.1804 
  3.2162  -0.1804 
  3.2162  -0.1805 
  3.2162  -0.1805 
  3.2167  -0.1805 
  3.2167  -0.1805 
  3.2170  -0.1806 
  3.2180  -0.1806 
  3.2185  -0.1806 
  3.2185  -0.1807 
  3.2193  -0.1807 
  3.2196  -0.1807 
  3.2201  -0.1808 
  3.2206  -0.1808 
  3.2214  -0.1808 
  3.2225  -0.1809 
  3.2227  -0.1809 
  3.2227  -0.1809 
  3.2230  -0.1810 
  3.2232  -0.1810 
  3.2235  -0.1811 
  3.2240  -0.1811 
  3.2240  -0.1811 
  3.2243  -0.1811 
  3.2248  -0.1812 
  3.2251  -0.1812 
  3.2251  -0.1812 
  3.2256  -0.1812 
  3.2258  -0.1812 
  3.2261  -0.1812 
  3.2261  -0.1813 
  3.2261  -0.1813 
  3.2263  -0.1813 
  3.2266  -0.1813 
  3.2266  -0.1813 
  3.2271  -0.1814 
  3.2274  -0.1814 
  3.2274  -0.1814 
  3.2281  -0.1814 
  3.2292  -0.1814 
  3.2294  -0.1814 
  3.2294  -0.1815 
  3.2294  -0.1815 
  3.2302  -0.1815 
  3.2304  -0.1815 
  3.2310  -0.1815 
  3.2310  -0.1815 
  3.2312  -0.1816 
  3.2317  -0.1816 
  3.2317  -0.1816 
  3.2320  -0.1816 
  3.2325  -0.1816 
  3.2327  -0.1817 
  3.2327  -0.1817 
  3.2335  -0.1817 
  3.2340  -0.1817 
  3.2348  -0.1817 
  3.2353  -0.1817 
  3.2353  -0.1818 
  3.2360  -0.1818 
  3.2363  -0.1900 
  3.2368  -0.1900 
  3.2368  -0.1900 
  3.2373  -0.1901 
  3.2378  -0.1901 
  3.2378  -0.1901 
  3.2380  -0.1901 
  3.2380  -0.1902 
  3.2380  -0.1902 
  3.2395  -0.1902 
  3.2395  -0.1902 
  3.2398  -0.1903 
  3.2400  -0.1903 
  3.2403  -0.1904 
  3.2410  -0.1904 
  3.2418  -0.1904 
  3.2418  -0.1905 
  3.2420  -0.1905 
  3.2423  -0.1905 
  3.2423  -0.1905 
  3.2428  -0.1906 
  3.2428  -0.1906 
  3.2433  -0.1906 
  3.2435  -0.1907 
  3.2435  -0.1907 
  3.2443  -0.1907 
  3.2443  -0.1908 
  3.2450  -0.1908 
  3.2450  -0.1908 
  3.2453  -0.1909 
  3.2455  -0.1909 
  3.2455  -0.1909 
  3.2458  -0.1909 
  3.2458  -0.1910 
  3.2463  -0.1910 
  3.2467  -0.1910 
  3.2467  -0.1911 
  3.2467  -0.1911 
  3.2477  -0.1911 
  3.2477  -0.1911 
  3.2477  -0.1912 
  3.2485  -0.1912 
  3.2487  -0.1912 
  3.2487  -0.1912 
  3.2492  -0.1913 
  3.2494  -0.1913 
  3.2499  -0.1913 
  3.2504  -0.1914 
  3.2516  -0.1914 
  3.2519  -0.1914 
  3.2521  -0.1914 
  3.2524  -0.1914 
  3.2529  -0.1915 
  3.2531  -0.1915 
  3.2536  -0.1915 
  3.2536  -0.1915 
  3.2536  -0.1915 
  3.2538  -0.1915 
  3.2538  -0.1916 
  3.2545  -0.1916 
  3.2550  -0.1916 
  3.2553  -0.1916 
  3.2553  -0.1916 
  3.2558  -0.1916 
  3.2567  -0.1917 
  3.2570  -0.1917 
  3.2577  -0.1917 
  3.2577  -0.1917 
  3.2579  -0.1917 
  3.2579  -0.1918 
  3.2584  -0.1918 
  3.2584  -0.1918 
  3.2584  -0.1918 
  3.2586  -0.1918 
  3.2586  -0.1918 
  3.2589  -0.1919 
  3.2601  -0.1994 
  3.2608  -0.1994 
  3.2615  -0.1995 
  3.2615  -0.1995 
  3.2625  -0.1995 
  3.2625  -0.1996 
  3.2625  -0.1996 
  3.2629  -0.1996 
  3.2632  -0.1996 
  3.2641  -0.1997 
  3.2643  -0.1997 
  3.2643  -0.1997 
  3.2653  -0.1998 
  3.2653  -0.1998 
  3.2653  -0.1998 
  3.2653  -0.1998 
  3.2658  -0.1999 
  3.2660  -0.1999 
  3.2667  -0.2000 
  3.2672  -0.2000 
  3.2679  -0.2000 
  3.2683  -0.2001 
  3.2683  -0.2001 
  3.2688  -0.2001 
  3.2697  -0.2002 
  3.2700  -0.2002 
  3.2700  -0.2002 
  3.2702  -0.2003 
  3.2709  -0.2003 
  3.2721  -0.2003 
  3.2723  -0.2003 
  3.2723  -0.2004 
  3.2728  -0.2004 
  3.2728  -0.2004 
  3.2730  -0.2004 
  3.2732  -0.2004 
  3.2735  -0.2005 
  3.2749  -0.2005 
  3.2749  -0.2005 
  3.2751  -0.2005 
  3.2753  -0.2005 
  3.2760  -0.2006 
  3.2767  -0.2006 
  3.2769  -0.2006 
  3.2769  -0.2006 
  3.2772  -0.2006 
  3.2776  -0.2006 
  3.2783  -0.2007 
  3.2785  -0.2007 
  3.2788  -0.2007 
  3.2790  -0.2007 
  3.2794  -0.2077 
  3.2794  -0.2077 
  3.2808  -0.2078 
  3.2810  -0.2078 
  3.2822  -0.2078 
  3.2822  -0.2079 
  3.2824  -0.2079 
  3.2828  -0.2079 
  3.2838  -0.2080 
  3.2840  -0.2080 
  3.2844  -0.2081 
  3.2847  -0.2081 
  3.2847  -0.2081 
  3.2851  -0.2082 
  3.2856  -0.2082 
  3.2865  -0.2083 
  3.2865  -0.2083 
  3.2869  -0.2083 
  3.2869  -0.2083 
  3.2871  -0.2084 
  3.2874  -0.2084 
  3.2887  -0.2085 
  3.2887  -0.2085 
  3.2887  -0.2085 
  3.2889  -0.2085 
  3.2894  -0.2086 
  3.2898  -0.2086 
  3.2903  -0.2087 
  3.2905  -0.2087 
  3.2905  -0.2087 
  3.2907  -0.2088 
  3.2907  -0.2088 
  3.2909  -0.2088 
  3.2911  -0.2088 
  3.2918  -0.2089 
  3.2925  -0.2089 
  3.2927  -0.2089 
  3.2929  -0.2089 
  3.2934  -0.2089 
  3.2936  -0.2090 
  3.2938  -0.2090 
  3.2940  -0.2090 
  3.2942  -0.2090 
  3.2942  -0.2090 
  3.2951  -0.2091 
  3.2951  -0.2091 
  3.2956  -0.2091 
  3.2956  -0.2091 
  3.2960  -0.2091 
  3.2960  -0.2091 
  3.2962  -0.2092 
  3.2962  -0.2092 
  3.2964  -0.2092 
  3.2964  -0.2092 
  3.2964  -0.2092 
  3.2964  -0.2093 
  3.2969  -0.2093 
  3.2969  -0.2093 
  3.2978  -0.2093 
  3.2980  -0.2093 
  3.2980  -0.2094 
  3.2982  -0.2094 
  3.2989  -0.2094 
  3.2989  -0.2094 
  3.2995  -0.2159 
  3.3002  -0.2160 
  3.3004  -0.2160 
  3.3006  -0.2161 
  3.3008  -0.2161 
  3.3015  -0.2161 
  3.3017  -0.2162 
  3.3023  -0.2162 
  3.3025  -0.2163 
  3.3025  -0.2163 
  3.3025  -0.2163 
  3.3025  -0.2163 
  3.3025  -0.2164 
  3.3030  -0.2164 
  3.3032  -0.2164 
  3.3034  -0.2165 
  3.3034  -0.2165 
  3.3036  -0.2165 
  3.3036  -0.2166 
  3.3043  -0.2166 
  3.3043  -0.2166 
  3.3045  -0.2167 
  3.3045  -0.2167 
  3.3047  -0.2167 
  3.3049  -0.2168 
  3.3051  -0.2168 
  3.3054  -0.2169 
  3.3058  -0.2169 
  3.3062  -0.2169 
  3.3066  -0.2170 
  3.3069  -0.2170 
  3.3069  -0.2170 
  3.3071  -0.2171 
  3.3077  -0.2171 
  3.3079  -0.2172 
  3.3084  -0.2172 
  3.3084  -0.2172 
  3.3090  -0.2173 
  3.3092  -0.2173 
  3.3094  -0.2174 
  3.3096  -0.2174 
  3.3098  -0.2175 
  3.3098  -0.2175 
  3.3101  -0.2175 
  3.3107  -0.2175 
  3.3109  -0.2176 
  3.3111  -0.2176 
  3.3111  -0.2176 
  3.3113  -0.2176 
  3.3113  -0.2176 
  3.3115  -0.2176 
  3.3118  -0.2177 
  3.3118  -0.2177 
  3.3120  -0.2177 
  3.3120  -0.2177 
  3.3124  -0.2177 
  3.3126  -0.2178 
  3.3128  -0.2178 
  3.3128  -0.2178 
  3.3130  -0.2178 
  3.3134  -0.2178 
  3.3139  -0.2179 
  3.3143  -0.2179 
  3.3143  -0.2179 
  3.3145  -0.2179 
  3.3158  -0.2179 
  3.3158  -0.2180 
  3.3168  -0.2180 
  3.3174  -0.2180 
  3.3183  -0.2180 
  3.3185  -0.2242 
  3.3189  -0.2242 
  3.3193  -0.2242 
  3.3195  -0.2243 
  3.3195  -0.2243 
  3.3201  -0.2244 
  3.3201  -0.2244 
  3.3201  -0.2244 
  3.3201  -0.2244 
  3.3204  -0.2245 
  3.3206  -0.2245 
  3.3235  -0.2245 
  3.3237  -0.2246 
  3.3239  -0.2246 
  3.3241  -0.2247 
  3.3241  -0.2247 
  3.3245  -0.2247 
  3.3245  -0.2248 
  3.3249  -0.2248 
  3.3249  -0.2248 
  3.3249  -0.2248 
  3.3251  -0.2249 
  3.3253  -0.2249 
  3.3255  -0.2250 
  3.3257  -0.2250 
  3.3261  -0.2251 
  3.3261  -0.2251 
  3.3261  -0.2251 
  3.3263  -0.2252 
  3.3267  -0.2252 
  3.3270  -0.2252 
  3.3270  -0.2253 
  3.3270  -0.2253 
  3.3270  -0.2253 
  3.3280  -0.2253 
  3.3282  -0.2253 
  3.3286  -0.2254 
  3.3288  -0.2254 
  3.3290  -0.2254 
  3.3292  -0.2254 
  3.3292  -0.2254 
  3.3294  -0.2255 
  3.3296  -0.2255 
  3.3300  -0.2255 
  3.3318  -0.2255 
  3.3318  -0.2255 
  3.3324  -0.2256 
  3.3324  -0.2256 
  3.3326  -0.2256 
  3.3328  -0.2256 
  3.3328  -0.2256 
  3.3328  -0.2257 
  3.3330  -0.2257 
  3.3332  -0.2257 
  3.3339  -0.2257 
  3.3339  -0.2257 
  3.3341  -0.2258 
  3.3345  -0.2258 
  3.3347  -0.2258 
  3.3351  -0.2316 
  3.3355  -0.2316 
  3.3361  -0.2317 
  3.3369  -0.2317 
  3.3375  -0.2318 
  3.3375  -0.2318 
  3.3377  -0.2318 
  3.3381  -0.2319 
  3.3381  -0.2319 
  3.3385  -0.2320 
  3.3391  -0.2320 
  3.3395  -0.2320 
  3.3398  -0.2321 
  3.3398  -0.2321 
  3.3398  -0.2321 
  3.3408  -0.2322 
  3.3412  -0.2322 
  3.3418  -0.2323 
  3.3420  -0.2323 
  3.3422  -0.2324 
  3.3422  -0.2324 
  3.3426  -0.2324 
  3.3430  -0.2325 
  3.3432  -0.2325 
  3.3434  -0.2325 
  3.3438  -0.2326 
  3.3442  -0.2326 
  3.3446  -0.2326 
  3.3448  -0.2326 
  3.3452  -0.2326 
  3.3454  -0.2327 
  3.3458  -0.2327 
  3.3460  -0.2327 
  3.3475  -0.2327 
  3.3477  -0.2327 
  3.3477  -0.2327 
  3.3479  -0.2328 
  3.3485  -0.2328 
  3.3491  -0.2328 
  3.3491  -0.2328 
  3.3497  -0.2383 
  3.3501  -0.2384 
  3.3504  -0.2384 
  3.3508  -0.2385 
  3.3512  -0.2385 
  3.3512  -0.2385 
  3.3516  -0.2386 
  3.3518  -0.2386 
  3.3520  -0.2387 
  3.3520  -0.2387 
  3.3528  -0.2387 
  3.3530  -0.2388 
  3.3531  -0.2388 
  3.3535  -0.2389 
  3.3537  -0.2389 
  3.3539  -0.2390 
  3.3541  -0.2390 
  3.3543  -0.2391 
  3.3547  -0.2391 
  3.3551  -0.2392 
  3.3551  -0.2392 
  3.3551  -0.2392 
  3.3558  -0.2392 
  3.3558  -0.2393 
  3.3562  -0.2393 
  3.3572  -0.2394 
  3.3583  -0.2394 
  3.3585  -0.2394 
  3.3589  -0.2394 
  3.3593  -0.2394 
  3.3596  -0.2395 
  3.3600  -0.2395 
  3.3604  -0.2395 
  3.3604  -0.2395 
  3.3606  -0.2395 
  3.3608  -0.2395 
  3.3610  -0.2396 
  3.3612  -0.2396 
  3.3612  -0.2396 
  3.3615  -0.2396 
  3.3619  -0.2396 
  3.3623  -0.2397 
  3.3625  -0.2397 
  3.3630  -0.2397 
  3.3634  -0.2397 
  3.3634  -0.2397 
  3.3636  -0.2397 
  3.3636  -0.2398 
  3.3640  -0.2450 
  3.3640  -0.2450 
  3.3644  -0.2451 
  3.3647  -0.2451 
  3.3653  -0.2452 
  3.3655  -0.2452 
  3.3662  -0.2453 
  3.3666  -0.2453 
  3.3666  -0.2453 
  3.3668  -0.2454 
  3.3670  -0.2454 
  3.3670  -0.2455 
  3.3672  -0.2455 
  3.3672  -0.2455 
  3.3672  -0.2455 
  3.3674  -0.2456 
  3.3674  -0.2456 
  3.3675  -0.2457 
  3.3677  -0.2457 
  3.3677  -0.2457 
  3.3679  -0.2458 
  3.3679  -0.2458 
  3.3687  -0.2458 
  3.3692  -0.2459 
  3.3694  -0.2459 
  3.3696  -0.2460 
  3.3698  -0.2460 
  3.3701  -0.2461 
  3.3705  -0.2461 
  3.3713  -0.2462 
  3.3727  -0.2462 
  3.3729  -0.2462 
  3.3736  -0.2462 
  3.3736  -0.2463 
  3.3738  -0.2463 
  3.3746  -0.2463 
  3.3746  -0.2463 
  3.3746  -0.2463 
  3.3746  -0.2464 
  3.3747  -0.2464 
  3.3749  -0.2464 
  3.3749  -0.2464 
  3.3753  -0.2464 
  3.3757  -0.2464 
  3.3757  -0.2465 
  3.3758  -0.2465 
  3.3758  -0.2465 
  3.3758  -0.2465 
  3.3762  -0.2465 
  3.3773  -0.2466 
  3.3773  -0.2466 
  3.3775  -0.2466 
  3.3777  -0.2516 
  3.3784  -0.2517 
  3.3788  -0.2517 
  3.3800  -0.2518 
  3.3800  -0.2518 
  3.3806  -0.2518 
  3.3808  -0.2519 
  3.3809  -0.2519 
  3.3813  -0.2520 
  3.3815  -0.2520 
  3.3815  -0.2520 
  3.3817  -0.2521 
  3.3824  -0.2521 
  3.3826  -0.2522 
  3.3833  -0.2522 
  3.3838  -0.2523 
  3.3842  -0.2523 
  3.3844  -0.2524 
  3.3845  -0.2524 
  3.3845  -0.2525 
  3.3845  -0.2525 
  3.3845  -0.2525 
  3.3849  -0.2525 
  3.3852  -0.2525 
  3.3860  -0.2526 
  3.3865  -0.2526 
  3.3870  -0.2526 
  3.3870  -0.2526 
  3.3890  -0.2526 
  3.3893  -0.2526 
  3.3893  -0.2527 
  3.3895  -0.2527 
  3.3895  -0.2527 
  3.3895  -0.2527 
  3.3897  -0.2527 
  3.3901  -0.2575 
  3.3902  -0.2576 
  3.3909  -0.2576 
  3.3911  -0.2577 
  3.3911  -0.2577 
  3.3911  -0.2577 
  3.3913  -0.2578 
  3.3920  -0.2578 
  3.3920  -0.2579 
  3.3920  -0.2579 
  3.3920  -0.2579 
  3.3922  -0.2579 
  3.3923  -0.2580 
  3.3929  -0.2581 
  3.3930  -0.2581 
  3.3932  -0.2582 
  3.3936  -0.2582 
  3.3943  -0.2583 
  3.3943  -0.2583 
  3.3948  -0.2583 
  3.3948  -0.2583 
  3.3952  -0.2584 
  3.3952  -0.2584 
  3.3957  -0.2585 
  3.3962  -0.2585 
  3.3962  -0.2585 
  3.3964  -0.2586 
  3.3965  -0.2586 
  3.3965  -0.2587 
  3.3965  -0.2587 
  3.3971  -0.2587 
  3.3971  -0.2588 
  3.3972  -0.2588 
  3.3974  -0.2589 
  3.3979  -0.2589 
  3.3983  -0.2589 
  3.3986  -0.2589 
  3.3990  -0.2589 
  3.3997  -0.2590 
  3.4002  -0.2590 
  3.4004  -0.2590 
  3.4004  -0.2590 
  3.4005  -0.2590 
  3.4005  -0.2591 
  3.4017  -0.2591 
  3.4021  -0.2591 
  3.4023  -0.2637 
  3.4028  -0.2638 
  3.4028  -0.2638 
  3.4029  -0.2638 
  3.4031  -0.2639 
  3.4031  -0.2639 
  3.4031  -0.2639 
  3.4035  -0.2640 
  3.4036  -0.2640 
  3.4038  -0.2641 
  3.4045  -0.2641 
  3.4047  -0.2642 
  3.4048  -0.2642 
  3.4048  -0.2643 
  3.4050  -0.2643 
  3.4053  -0.2644 
  3.4053  -0.2644 
  3.4053  -0.2644 
  3.4057  -0.2645 
  3.4060  -0.2645 
  3.4067  -0.2646 
  3.4067  -0.2646 
  3.4071  -0.2646 
  3.4071  -0.2647 
  3.4071  -0.2647 
  3.4072  -0.2647 
  3.4076  -0.2648 
  3.4077  -0.2648 
  3.4081  -0.2649 
  3.4082  -0.2649 
  3.4086  -0.2650 
  3.4087  -0.2650 
  3.4087  -0.2651 
  3.4093  -0.2651 
  3.4093  -0.2651 
  3.4096  -0.2652 
  3.4101  -0.2652 
  3.4103  -0.2653 
  3.4103  -0.2653 
  3.4106  -0.2653 
  3.4109  -0.2653 
  3.4111  -0.2653 
  3.4116  -0.2654 
  3.4120  -0.2654 
  3.4121  -0.2654 
  3.4123  -0.2654 
  3.4126  -0.2654 
  3.4130  -0.2655 
  3.4131  -0.2655 
  3.4131  -0.2655 
  3.4135  -0.2655 
  3.4140  -0.2655 
  3.4145  -0.2656 
  3.4146  -0.2700 
  3.4155  -0.2701 
  3.4158  -0.2701 
  3.4158  -0.2701 
  3.4166  -0.2702 
  3.4166  -0.2702 
  3.4176  -0.2703 
  3.4176  -0.2703 
  3.4178  -0.2703 
  3.4178  -0.2704 
  3.4183  -0.2704 
  3.4186  -0.2705 
  3.4188  -0.2705 
  3.4188  -0.2705 
  3.4188  -0.2706 
  3.4193  -0.2706 
  3.4195  -0.2707 
  3.4196  -0.2707 
  3.4203  -0.2708 
  3.4205  -0.2708 
  3.4209  -0.2709 
  3.4211  -0.2709 
  3.4214  -0.2710 
  3.4219  -0.2710 
  3.4224  -0.2710 
  3.4237  -0.2710 
  3.4241  -0.2710 
  3.4242  -0.2711 
  3.4247  -0.2711 
  3.4247  -0.2711 
  3.4249  -0.2711 
  3.4252  -0.2711 
  3.4255  -0.2712 
  3.4257  -0.2755 
  3.4265  -0.2755 
  3.4272  -0.2756 
  3.4276  -0.2756 
  3.4276  -0.2756 
  3.4283  -0.2757 
  3.4288  -0.2758 
  3.4296  -0.2758 
  3.4296  -0.2758 
  3.4298  -0.2759 
  3.4299  -0.2759 
  3.4301  -0.2760 
  3.4302  -0.2761 
  3.4306  -0.2761 
  3.4306  -0.2761 
  3.4307  -0.2762 
  3.4310  -0.2762 
  3.4310  -0.2763 
  3.4314  -0.2763 
  3.4314  -0.2763 
  3.4317  -0.2764 
  3.4318  -0.2764 
  3.4322  -0.2764 
  3.4325  -0.2764 
  3.4326  -0.2764 
  3.4326  -0.2765 
  3.4330  -0.2765 
  3.4330  -0.2765 
  3.4331  -0.2765 
  3.4331  -0.2765 
  3.4333  -0.2766 
  3.4339  -0.2766 
  3.4341  -0.2766 
  3.4341  -0.2766 
  3.4342  -0.2766 
  3.4344  -0.2767 
  3.4349  -0.2767 
  3.4354  -0.2767 
  3.4360  -0.2767 
  3.4362  -0.2767 
  3.4362  -0.2768 
  3.4362  -0.2768 
  3.4363  -0.2809 
  3.4376  -0.2810 
  3.4378  -0.2810 
  3.4378  -0.2811 
  3.4381  -0.2811 
  3.4384  -0.2812 
  3.4384  -0.2812 
  3.4384  -0.2812 
  3.4387  -0.2813 
  3.4387  -0.2813 
  3.4393  -0.2814 
  3.4393  -0.2814 
  3.4393  -0.2814 
  3.4401  -0.2814 
  3.4403  -0.2815 
  3.4404  -0.2816 
  3.4404  -0.2816 
  3.4414  -0.2816 
  3.4415  -0.2817 
  3.4420  -0.2817 
  3.4423  -0.2817 
  3.4425  -0.2818 
  3.4425  -0.2818 
  3.4428  -0.2818 
  3.4429  -0.2818 
  3.4431  -0.2818 
  3.4433  -0.2819 
  3.4437  -0.2819 
  3.4437  -0.2819 
  3.4442  -0.2819 
  3.4447  -0.2819 
  3.4453  -0.2820 
  3.4454  -0.2820 
  3.4456  -0.2820 
  3.4458  -0.2820 
  3.4458  -0.2820 
  3.4461  -0.2861 
  3.4464  -0.2861 
  3.4464  -0.2861 
  3.4465  -0.2862 
  3.4465  -0.2862 
  3.4465  -0.2862 
  3.4467  -0.2863 
  3.4473  -0.2864 
  3.4475  -0.2864 
  3.4478  -0.2865 
  3.4482  -0.2865 
  3.4486  -0.2866 
  3.4489  -0.2866 
  3.4490  -0.2867 
  3.4493  -0.2868 
  3.4496  -0.2868 
  3.4496  -0.2868 
  3.4501  -0.2869 
  3.4502  -0.2870 
  3.4502  -0.2870 
  3.4506  -0.2870 
  3.4512  -0.2871 
  3.4515  -0.2872 
  3.4515  -0.2872 
  3.4515  -0.2872 
  3.4516  -0.2873 
  3.4516  -0.2873 
  3.4518  -0.2873 
  3.4522  -0.2874 
  3.4522  -0.2874 
  3.4530  -0.2874 
  3.4536  -0.2875 
  3.4536  -0.2875 
  3.4545  -0.2875 
  3.4550  -0.2875 
  3.4553  -0.2875 
  3.4553  -0.2876 
  3.4556  -0.2876 
  3.4556  -0.2876 
  3.4558  -0.2915 
  3.4568  -0.2916 
  3.4573  -0.2916 
  3.4577  -0.2917 
  3.4577  -0.2917 
  3.4582  -0.2918 
  3.4582  -0.2918 
  3.4583  -0.2918 
  3.4588  -0.2919 
  3.4597  -0.2920 
  3.4597  -0.2920 
  3.4598  -0.2921 
  3.4600  -0.2921 
  3.4600  -0.2921 
  3.4604  -0.2922 
  3.4610  -0.2923 
  3.4613  -0.2923 
  3.4615  -0.2924 
  3.4618  -0.2924 
  3.4618  -0.2924 
  3.4621  -0.2924 
  3.4621  -0.2925 
  3.4627  -0.2925 
  3.4627  -0.2925 
  3.4630  -0.2925 
  3.4631  -0.2925 
  3.4636  -0.2926 
  3.4642  -0.2926 
  3.4649  -0.2926 
  3.4651  -0.2926 
  3.4654  -0.2926 
  3.4654  -0.2927 
  3.4657  -0.2965 
  3.4660  -0.2965 
  3.4661  -0.2966 
  3.4667  -0.2966 
  3.4667  -0.2967 
  3.4669  -0.2967 
  3.4669  -0.2967 
  3.4676  -0.2968 
  3.4682  -0.2969 
  3.4685  -0.2969 
  3.4688  -0.2970 
  3.4689  -0.2971 
  3.4692  -0.2971 
  3.4694  -0.2972 
  3.4698  -0.2972 
  3.4700  -0.2973 
  3.4706  -0.2974 
  3.4706  -0.2974 
  3.4707  -0.2975 
  3.4707  -0.2975 
  3.4709  -0.2975 
  3.4714  -0.2976 
  3.4717  -0.2976 
  3.4725  -0.2976 
  3.4732  -0.2976 
  3.4735  -0.2976 
  3.4744  -0.2977 
  3.4745  -0.3013 
  3.4751  -0.3014 
  3.4755  -0.3015 
  3.4764  -0.3015 
  3.4765  -0.3016 
  3.4778  -0.3017 
  3.4780  -0.3017 
  3.4780  -0.3017 
  3.4781  -0.3018 
  3.4787  -0.3019 
  3.4791  -0.3019 
  3.4793  -0.3019 
  3.4793  -0.3019 
  3.4793  -0.3020 
  3.4797  -0.3020 
  3.4800  -0.3020 
  3.4804  -0.3020 
  3.4806  -0.3021 
  3.4806  -0.3021 
  3.4807  -0.3021 
  3.4809  -0.3021 
  3.4814  -0.3021 
  3.4816  -0.3022 
  3.4824  -0.3022 
  3.4826  -0.3022 
  3.4826  -0.3022 
  3.4829  -0.3022 
  3.4829  -0.3023 
  3.4830  -0.3058 
  3.4843  -0.3059 
  3.4844  -0.3060 
  3.4852  -0.3060 
  3.4852  -0.3061 
  3.4854  -0.3061 
  3.4856  -0.3062 
  3.4874  -0.3062 
  3.4876  -0.3062 
  3.4877  -0.3063 
  3.4883  -0.3063 
  3.4884  -0.3063 
  3.4884  -0.3063 
  3.4894  -0.3063 
  3.4894  -0.3064 
  3.4895  -0.3098 
  3.4895  -0.3099 
  3.4905  -0.3099 
  3.4908  -0.3100 
  3.4916  -0.3101 
  3.4916  -0.3101 
  3.4916  -0.3101 
  3.4919  -0.3102 
  3.4928  -0.3102 
  3.4929  -0.3103 
  3.4929  -0.3103 
  3.4929  -0.3104 
  3.4930  -0.3104 
  3.4932  -0.3105 
  3.4932  -0.3105 
  3.4940  -0.3106 
  3.4942  -0.3106 
  3.4944  -0.3107 
  3.4967  -0.3107 
  3.4973  -0.3108 
  3.4975  -0.3108 
  3.4976  -0.3142 
  3.4983  -0.3142 
  3.4984  -0.3143 
  3.4986  -0.3144 
  3.4989  -0.3144 
  3.4998  -0.3145 
  3.5000  -0.3146 
  3.5001  -0.3146 
  3.5006  -0.3147 
  3.5012  -0.3148 
  3.5013  -0.3148 
  3.5022  -0.3149 
  3.5043  -0.3149 
  3.5047  -0.3150 
  3.5052  -0.3150 
  3.5052  -0.3150 
  3.5054  -0.3183 
  3.5061  -0.3184 
  3.5062  -0.3185 
  3.5079  -0.3185 
  3.5081  -0.3186 
  3.5088  -0.3187 
  3.5089  -0.3187 
  3.5099  -0.3188 
  3.5104  -0.3188 
  3.5109  -0.3188 
  3.5117  -0.3220 
  3.5122  -0.3221 
  3.5126  -0.3222 
  3.5128  -0.3222 
  3.5130  -0.3223 
  3.5130  -0.3223 
  3.5132  -0.3224 
  3.5138  -0.3225 
  3.5140  -0.3225 
  3.5141  -0.3226 
  3.5143  -0.3227 
  3.5144  -0.3228 
  3.5145  -0.3228 
  3.5157  -0.3229 
  3.5157  -0.3229 
  3.5159  -0.3230 
  3.5159  -0.3230 
  3.5164  -0.3231 
  3.5175  -0.3231 
  3.5184  -0.3231 
  3.5188  -0.3232 
  3.5189  -0.3232 
  3.5192  -0.3263 
  3.5198  -0.3264 
  3.5198  -0.3264 
  3.5200  -0.3265 
  3.5204  -0.3266 
  3.5205  -0.3267 
  3.5210  -0.3267 
  3.5211  -0.3268 
  3.5215  -0.3269 
  3.5217  -0.3269 
  3.5218  -0.3270 
  3.5221  -0.3271 
  3.5222  -0.3272 
  3.5224  -0.3272 
  3.5228  -0.3273 
  3.5234  -0.3274 
  3.5235  -0.3274 
  3.5237  -0.3275 
  3.5243  -0.3276 
  3.5244  -0.3277 
  3.5247  -0.3277 
  3.5253  -0.3278 
  3.5253  -0.3278 
  3.5254  -0.3278 
  3.5256  -0.3278 
  3.5262  -0.3278 
  3.5265  -0.3279 
  3.5270  -0.3279 
  3.5271  -0.3279 
  3.5272  -0.3279 
  3.5274  -0.3280 
  3.5278  -0.3311 
  3.5281  -0.3311 
  3.5281  -0.3312 
  3.5284  -0.3312 
  3.5284  -0.3313 
  3.5287  -0.3313 
  3.5301  -0.3314 
  3.5311  -0.3315 
  3.5315  -0.3315 
  3.5316  -0.3315 
  3.5326  -0.3315 
  3.5326  -0.3315 
  3.5328  -0.3316 
  3.5331  -0.3316 
  3.5334  -0.3316 
  3.5335  -0.3316 
  3.5335  -0.3317 
  3.5336  -0.3317 
  3.5338  -0.3347 
  3.5344  -0.3348 
  3.5345  -0.3349 
  3.5348  -0.3349 
  3.5353  -0.3350 
  3.5355  -0.3351 
  3.5357  -0.3352 
  3.5359  -0.3352 
  3.5361  -0.3353 
  3.5362  -0.3354 
  3.5362  -0.3354 
  3.5373  -0.3355 
  3.5373  -0.3355 
  3.5377  -0.3356 
  3.5382  -0.3357 
  3.5382  -0.3357 
  3.5388  -0.3357 
  3.5388  -0.3357 
  3.5396  -0.3358 
  3.5397  -0.3358 
  3.5398  -0.3358 
  3.5400  -0.3358 
  3.5401  -0.3358 
  3.5401  -0.3359 
  3.5405  -0.3388 
  3.5415  -0.3389 
  3.5418  -0.3390 
  3.5420  -0.3391 
  3.5426  -0.3392 
  3.5427  -0.3392 
  3.5429  -0.3393 
  3.5431  -0.3394 
  3.5432  -0.3395 
  3.5436  -0.3395 
  3.5441  -0.3396 
  3.5451  -0.3396 
  3.5451  -0.3397 
  3.5453  -0.3397 
  3.5459  -0.3397 
  3.5459  -0.3397 
  3.5463  -0.3398 
  3.5468  -0.3398 
  3.5470  -0.3398 
  3.5473  -0.3427 
  3.5481  -0.3428 
  3.5481  -0.3428 
  3.5483  -0.3429 
  3.5491  -0.3430 
  3.5491  -0.3430 
  3.5491  -0.3430 
  3.5497  -0.3431 
  3.5510  -0.3431 
  3.5511  -0.3432 
  3.5515  -0.3432 
  3.5518  -0.3432 
  3.5518  -0.3432 
  3.5525  -0.3433 
  3.5527  -0.3433 
  3.5527  -0.3433 
  3.5530  -0.3462 
  3.5550  -0.3462 
  3.5555  -0.3463 
  3.5556  -0.3464 
  3.5558  -0.3465 
  3.5568  -0.3465 
  3.5569  -0.3465 
  3.5582  -0.3466 
  3.5588  -0.3494 
  3.5592  -0.3494 
  3.5595  -0.3495 
  3.5599  -0.3496 
  3.5609  -0.3497 
  3.5619  -0.3497 
  3.5622  -0.3497 
  3.5622  -0.3498 
  3.5624  -0.3498 
  3.5625  -0.3498 
  3.5626  -0.3498 
  3.5628  -0.3498 
  3.5628  -0.3499 
  3.5628  -0.3499 
  3.5629  -0.3499 
  3.5638  -0.3499 
  3.5641  -0.3499 
  3.5642  -0.3500 
  3.5642  -0.3500 
  3.5645  -0.3500 
  3.5647  -0.3528 
  3.5650  -0.3529 
  3.5654  -0.3529 
  3.5658  -0.3530 
  3.5658  -0.3530 
  3.5662  -0.3531 
  3.5662  -0.3531 
  3.5663  -0.3532 
  3.5668  -0.3533 
  3.5669  -0.3534 
  3.5671  -0.3535 
  3.5673  -0.3535 
  3.5676  -0.3536 
  3.5680  -0.3537 
  3.5680  -0.3537 
  3.5688  -0.3537 
  3.5688  -0.3538 
  3.5694  -0.3538 
  3.5695  -0.3538 
  3.5698  -0.3538 
  3.5709  -0.3566 
  3.5716  -0.3566 
  3.5717  -0.3567 
  3.5722  -0.3568 
  3.5724  -0.3569 
  3.5726  -0.3570 
  3.5737  -0.3571 
  3.5740  -0.3571 
  3.5741  -0.3572 
  3.5741  -0.3572 
  3.5744  -0.3573 
  3.5745  -0.3574 
  3.5746  -0.3574 
  3.5752  -0.3574 
  3.5753  -0.3574 
  3.5754  -0.3574 
  3.5758  -0.3575 
  3.5759  -0.3575 
  3.5761  -0.3575 
  3.5761  -0.3575 
  3.5762  -0.3576 
  3.5766  -0.3602 
  3.5778  -0.3603 
  3.5781  -0.3604 
  3.5782  -0.3605 
  3.5784  -0.3606 
  3.5790  -0.3606 
  3.5791  -0.3607 
  3.5793  -0.3608 
  3.5793  -0.3608 
  3.5797  -0.3609 
  3.5800  -0.3610 
  3.5801  -0.3611 
  3.5804  -0.3612 
  3.5808  -0.3612 
  3.5813  -0.3613 
  3.5823  -0.3613 
  3.5829  -0.3613 
  3.5830  -0.3639 
  3.5837  -0.3640 
  3.5841  -0.3641 
  3.5842  -0.3642 
  3.5844  -0.3643 
  3.5848  -0.3644 
  3.5853  -0.3644 
  3.5857  -0.3645 
  3.5857  -0.3646 
  3.5859  -0.3646 
  3.5861  -0.3647 
  3.5866  -0.3648 
  3.5867  -0.3648 
  3.5871  -0.3648 
  3.5875  -0.3649 
  3.5875  -0.3649 
  3.5877  -0.3649 
  3.5877  -0.3649 
  3.5885  -0.3650 
  3.5889  -0.3676 
  3.5893  -0.3676 
  3.5902  -0.3677 
  3.5903  -0.3678 
  3.5903  -0.3678 
  3.5905  -0.3679 
  3.5906  -0.3680 
  3.5906  -0.3680 
  3.5911  -0.3681 
  3.5912  -0.3682 
  3.5915  -0.3683 
  3.5915  -0.3683 
  3.5915  -0.3683 
  3.5920  -0.3684 
  3.5920  -0.3684 
  3.5921  -0.3685 
  3.5922  -0.3686 
  3.5937  -0.3686 
  3.5944  -0.3687 
  3.5946  -0.3712 
  3.5955  -0.3713 
  3.5963  -0.3714 
  3.5968  -0.3715 
  3.5984  -0.3715 
  3.5985  -0.3715 
  3.5985  -0.3716 
  3.5986  -0.3716 
  3.5987  -0.3716 
  3.5990  -0.3716 
  3.5996  -0.3741 
  3.5999  -0.3742 
  3.6008  -0.3743 
  3.6011  -0.3744 
  3.6016  -0.3745 
  3.6018  -0.3746 
  3.6018  -0.3746 
  3.6025  -0.3747 
  3.6029  -0.3747 
  3.6031  -0.3747 
  3.6033  -0.3748 
  3.6035  -0.3748 
  3.6038  -0.3748 
  3.6039  -0.3748 
  3.6046  -0.3772 
  3.6051  -0.3773 
  3.6056  -0.3774 
  3.6057  -0.3775 
  3.6063  -0.3776 
  3.6064  -0.3777 
  3.6068  -0.3778 
  3.6070  -0.3779 
  3.6070  -0.3779 
  3.6071  -0.3780 
  3.6075  -0.3781 
  3.6082  -0.3781 
  3.6085  -0.3781 
  3.6085  -0.3782 
  3.6085  -0.3782 
  3.6087  -0.3782 
  3.6088  -0.3782 
  3.6092  -0.3783 
  3.6095  -0.3783 
  3.6101  -0.3807 
  3.6103  -0.3808 
  3.6103  -0.3808 
  3.6108  -0.3809 
  3.6113  -0.3810 
  3.6114  -0.3811 
  3.6123  -0.3812 
  3.6134  -0.3812 
  3.6137  -0.3812 
  3.6138  -0.3812 
  3.6141  -0.3812 
  3.6144  -0.3813 
  3.6145  -0.3836 
  3.6151  -0.3837 
  3.6153  -0.3838 
  3.6157  -0.3839 
  3.6161  -0.3840 
  3.6166  -0.3841 
  3.6167  -0.3842 
  3.6170  -0.3843 
  3.6175  -0.3844 
  3.6176  -0.3845 
  3.6180  -0.3846 
  3.6183  -0.3847 
  3.6183  -0.3847 
  3.6183  -0.3847 
  3.6185  -0.3848 
  3.6195  -0.3848 
  3.6198  -0.3849 
  3.6198  -0.3849 
  3.6199  -0.3849 
  3.6200  -0.3849 
  3.6200  -0.3849 
  3.6200  -0.3850 
  3.6206  -0.3850 
  3.6207  -0.3873 
  3.6211  -0.3874 
  3.6221  -0.3875 
  3.6229  -0.3876 
  3.6237  -0.3876 
  3.6239  -0.3877 
  3.6245  -0.3899 
  3.6251  -0.3900 
  3.6259  -0.3901 
  3.6270  -0.3924 
  3.6292  -0.3925 
  3.6296  -0.3926 
  3.6296  -0.3926 
  3.6299  -0.3927 
  3.6301  -0.3928 
  3.6309  -0.3929 
  3.6313  -0.3930 
  3.6315  -0.3931 
  3.6316  -0.3932 
  3.6318  -0.3933 
  3.6329  -0.3933 
  3.6331  -0.3934 
  3.6333  -0.3934 
  3.6333  -0.3934 
  3.6334  -0.3957 
  3.6340  -0.3958 
  3.6344  -0.3959 
  3.6345  -0.3960 
  3.6348  -0.3961 
  3.6351  -0.3962 
  3.6352  -0.3963 
  3.6356  -0.3964 
  3.6357  -0.3965 
  3.6358  -0.3966 
  3.6362  -0.3967 
  3.6365  -0.3968 
  3.6368  -0.3969 
  3.6373  -0.3970 
  3.6377  -0.3970 
  3.6383  -0.3992 
  3.6383  -0.3992 
  3.6397  -0.3993 
  3.6406  -0.3994 
  3.6409  -0.3995 
  3.6411  -0.3996 
  3.6417  -0.3997 
  3.6420  -0.3998 
  3.6424  -0.3998 
  3.6426  -0.3998 
  3.6428  -0.3998 
  3.6428  -0.3999 
  3.6432  -0.4021 
  3.6432  -0.4021 
  3.6445  -0.4022 
  3.6457  -0.4022 
  3.6460  -0.4022 
  3.6462  -0.4023 
  3.6462  -0.4023 
  3.6468  -0.4045 
  3.6481  -0.4046 
  3.6481  -0.4046 
  3.6481  -0.4046 
  3.6486  -0.4047 
  3.6488  -0.4048 
  3.6496  -0.4049 
  3.6496  -0.4049 
  3.6510  -0.4050 
  3.6510  -0.4050 
  3.6510  -0.4050 
  3.6516  -0.4072 
  3.6520  -0.4073 
  3.6521  -0.4074 
  3.6521  -0.4074 
  3.6523  -0.4075 
  3.6543  -0.4075 
  3.6544  -0.4075 
  3.6548  -0.4076 
  3.6549  -0.4076 
  3.6550  -0.4076 
  3.6550  -0.4076 
  3.6551  -0.4077 
  3.6554  -0.4077 
  3.6556  -0.4098 
  3.6564  -0.4099 
  3.6565  -0.4100 
  3.6571  -0.4101 
  3.6572  -0.4102 
  3.6572  -0.4102 
  3.6573  -0.4103 
  3.6575  -0.4104 
  3.6580  -0.4105 
  3.6582  -0.4107 
  3.6587  -0.4107 
  3.6588  -0.4107 
  3.6589  -0.4108 
  3.6591  -0.4108 
  3.6593  -0.4108 
  3.6594  -0.4108 
  3.6594  -0.4109 
  3.6595  -0.4109 
  3.6596  -0.4109 
  3.6600  -0.4130 
  3.6611  -0.4131 
  3.6622  -0.4132 
  3.6640  -0.4152 
  3.6650  -0.4154 
  3.6651  -0.4155 
  3.6660  -0.4156 
  3.6661  -0.4157 
  3.6669  -0.4157 
  3.6675  -0.4177 
  3.6680  -0.4178 
  3.6682  -0.4179 
  3.6684  -0.4180 
  3.6688  -0.4181 
  3.6690  -0.4182 
  3.6694  -0.4184 
  3.6698  -0.4185 
  3.6701  -0.4186 
  3.6709  -0.4186 
  3.6718  -0.4206 
  3.6727  -0.4207 
  3.6739  -0.4208 
  3.6741  -0.4208 
  3.6745  -0.4208 
  3.6750  -0.4228 
  3.6756  -0.4229 
  3.6760  -0.4230 
  3.6760  -0.4230 
  3.6765  -0.4231 
  3.6765  -0.4231 
  3.6767  -0.4233 
  3.6772  -0.4234 
  3.6779  -0.4235 
  3.6781  -0.4235 
  3.6782  -0.4236 
  3.6782  -0.4237 
  3.6786  -0.4237 
  3.6786  -0.4238 
  3.6787  -0.4238 
  3.6792  -0.4238 
  3.6796  -0.4257 
  3.6804  -0.4259 
  3.6805  -0.4260 
  3.6807  -0.4261 
  3.6811  -0.4262 
  3.6820  -0.4263 
  3.6821  -0.4264 
  3.6822  -0.4266 
  3.6826  -0.4267 
  3.6826  -0.4267 
  3.6829  -0.4267 
  3.6834  -0.4267 
  3.6835  -0.4268 
  3.6839  -0.4268 
  3.6840  -0.4287 
  3.6846  -0.4288 
  3.6846  -0.4289 
  3.6848  -0.4290 
  3.6849  -0.4291 
  3.6855  -0.4292 
  3.6861  -0.4293 
  3.6865  -0.4295 
  3.6865  -0.4295 
  3.6867  -0.4296 
  3.6867  -0.4296 
  3.6874  -0.4296 
  3.6876  -0.4297 
  3.6876  -0.4297 
  3.6881  -0.4297 
  3.6883  -0.4298 
  3.6885  -0.4317 
  3.6885  -0.4317 
  3.6895  -0.4318 
  3.6897  -0.4319 
  3.6906  -0.4320 
  3.6910  -0.4320 
  3.6913  -0.4321 
  3.6913  -0.4321 
  3.6920  -0.4339 
  3.6925  -0.4341 
  3.6928  -0.4342 
  3.6936  -0.4343 
  3.6942  -0.4344 
  3.6943  -0.4344 
  3.6950  -0.4344 
  3.6953  -0.4344 
  3.6953  -0.4345 
  3.6955  -0.4345 
  3.6955  -0.4345 
  3.6956  -0.4364 
  3.6965  -0.4365 
  3.6971  -0.4366 
  3.6974  -0.4367 
  3.6978  -0.4368 
  3.6981  -0.4369 
  3.6989  -0.4387 
  3.7003  -0.4388 
  3.7003  -0.4388 
  3.7004  -0.4390 
  3.7010  -0.4390 
  3.7011  -0.4391 
  3.7017  -0.4391 
  3.7020  -0.4391 
  3.7021  -0.4409 
  3.7031  -0.4410 
  3.7035  -0.4412 
  3.7037  -0.4413 
  3.7039  -0.4414 
  3.7040  -0.4415 
  3.7042  -0.4417 
  3.7043  -0.4418 
  3.7044  -0.4419 
  3.7057  -0.4419 
  3.7059  -0.4437 
  3.7078  -0.4439 
  3.7083  -0.4440 
  3.7083  -0.4441 
  3.7084  -0.4442 
  3.7088  -0.4443 
  3.7095  -0.4443 
  3.7096  -0.4461 
  3.7108  -0.4462 
  3.7109  -0.4463 
  3.7111  -0.4465 
  3.7116  -0.4466 
  3.7122  -0.4467 
  3.7124  -0.4468 
  3.7125  -0.4468 
  3.7126  -0.4469 
  3.7127  -0.4470 
  3.7129  -0.4472 
  3.7131  -0.4473 
  3.7134  -0.4473 
  3.7140  -0.4491 
  3.7147  -0.4492 
  3.7147  -0.4492 
  3.7152  -0.4493 
  3.7156  -0.4495 
  3.7163  -0.4496 
  3.7165  -0.4497 
  3.7168  -0.4498 
  3.7180  -0.4515 
  3.7191  -0.4517 
  3.7193  -0.4518 
  3.7195  -0.4519 
  3.7202  -0.4520 
  3.7206  -0.4537 
  3.7217  -0.4538 
  3.7226  -0.4540 
  3.7228  -0.4541 
  3.7229  -0.4542 
  3.7232  -0.4544 
  3.7233  -0.4545 
  3.7235  -0.4546 
  3.7239  -0.4548 
  3.7241  -0.4549 
  3.7246  -0.4549 
  3.7248  -0.4549 
  3.7251  -0.4550 
  3.7253  -0.4567 
  3.7262  -0.4568 
  3.7268  -0.4569 
  3.7268  -0.4570 
  3.7271  -0.4571 
  3.7272  -0.4572 
  3.7272  -0.4573 
  3.7281  -0.4573 
  3.7284  -0.4590 
  3.7292  -0.4591 
  3.7294  -0.4592 
  3.7300  -0.4594 
  3.7301  -0.4595 
  3.7302  -0.4596 
  3.7303  -0.4598 
  3.7309  -0.4599 
  3.7311  -0.4600 
  3.7315  -0.4602 
  3.7316  -0.4603 
  3.7322  -0.4604 
  3.7325  -0.4604 
  3.7327  -0.4604 
  3.7328  -0.4621 
  3.7338  -0.4622 
  3.7348  -0.4624 
  3.7350  -0.4625 
  3.7356  -0.4625 
  3.7362  -0.4626 
  3.7364  -0.4642 
  3.7380  -0.4658 
  3.7393  -0.4660 
  3.7394  -0.4661 
  3.7394  -0.4661 
  3.7396  -0.4663 
  3.7401  -0.4664 
  3.7402  -0.4666 
  3.7409  -0.4667 
  3.7410  -0.4668 
  3.7411  -0.4670 
  3.7415  -0.4671 
  3.7419  -0.4672 
  3.7422  -0.4672 
  3.7426  -0.4672 
  3.7430  -0.4689 
  3.7437  -0.4690 
  3.7441  -0.4691 
  3.7445  -0.4693 
  3.7447  -0.4694 
  3.7448  -0.4696 
  3.7452  -0.4697 
  3.7455  -0.4699 
  3.7459  -0.4699 
  3.7459  -0.4720 
  3.7481  -0.4721 
  3.7482  -0.4723 
  3.7483  -0.4724 
  3.7492  -0.4726 
  3.7495  -0.4727 
  3.7500  -0.4727 
  3.7500  -0.4728 
  3.7503  -0.4728 
  3.7504  -0.4728 
  3.7504  -0.4744 
  3.7518  -0.4746 
  3.7520  -0.4747 
  3.7526  -0.4749 
  3.7530  -0.4750 
  3.7530  -0.4751 
  3.7532  -0.4753 
  3.7532  -0.4753 
  3.7535  -0.4754 
  3.7544  -0.4770 
  3.7552  -0.4772 
  3.7557  -0.4773 
  3.7560  -0.4775 
  3.7560  -0.4776 
  3.7560  -0.4777 
  3.7562  -0.4778 
  3.7565  -0.4780 
  3.7572  -0.4781 
  3.7577  -0.4797 
  3.7590  -0.4798 
  3.7591  -0.4800 
  3.7600  -0.4801 
  3.7604  -0.4803 
  3.7605  -0.4804 
  3.7610  -0.4805 
  3.7613  -0.4805 
  3.7617  -0.4820 
  3.7622  -0.4822 
  3.7625  -0.4823 
  3.7628  -0.4825 
  3.7628  -0.4827 
  3.7634  -0.4828 
  3.7642  -0.4830 
  3.7645  -0.4848 
  3.7663  -0.4850 
  3.7672  -0.4852 
  3.7675  -0.4852 
  3.7676  -0.4852 
  3.7676  -0.4853 
  3.7682  -0.4853 
  3.7683  -0.4853 
  3.7685  -0.4853 
  3.7686  -0.4869 
  3.7695  -0.4870 
  3.7695  -0.4871 
  3.7700  -0.4872 
  3.7702  -0.4874 
  3.7703  -0.4876 
  3.7706  -0.4877 
  3.7709  -0.4879 
  3.7714  -0.4880 
  3.7719  -0.4880 
  3.7724  -0.4895 
  3.7731  -0.4897 
  3.7736  -0.4898 
  3.7740  -0.4900 
  3.7741  -0.4902 
  3.7746  -0.4902 
  3.7747  -0.4904 
  3.7747  -0.4904 
  3.7747  -0.4905 
  3.7749  -0.4906 
  3.7758  -0.4921 
  3.7765  -0.4923 
  3.7771  -0.4925 
  3.7773  -0.4927 
  3.7776  -0.4928 
  3.7783  -0.4929 
  3.7784  -0.4930 
  3.7785  -0.4932 
  3.7785  -0.4932 
  3.7789  -0.4932 
  3.7792  -0.4933 
  3.7793  -0.4933 
  3.7794  -0.4948 
  3.7812  -0.4948 
  3.7813  -0.4948 
  3.7817  -0.4963 
  3.7832  -0.4965 
  3.7840  -0.4980 
  3.7849  -0.4981 
  3.7852  -0.4983 
  3.7859  -0.4985 
  3.7860  -0.4987 
  3.7863  -0.4989 
  3.7866  -0.4990 
  3.7868  -0.4992 
  3.7869  -0.4994 
  3.7870  -0.4996 
  3.7872  -0.4998 
  3.7879  -0.5000 
  3.7880  -0.5001 
  3.7881  -0.5003 
  3.7889  -0.5003 
  3.7889  -0.5004 
  3.7895  -0.5004 
  3.7897  -0.5019 
  3.7904  -0.5021 
  3.7910  -0.5022 
  3.7914  -0.5049 
  3.7914  -0.5049 
  3.7943  -0.5051 
  3.7950  -0.5053 
  3.7950  -0.5053 
  3.7951  -0.5055 
  3.7953  -0.5057 
  3.7964  -0.5057 
  3.7966  -0.5058 
  3.7968  -0.5058 
  3.7969  -0.5058 
  3.7970  -0.5073 
  3.7982  -0.5075 
  3.7984  -0.5076 
  3.7987  -0.5078 
  3.7989  -0.5080 
  3.7989  -0.5081 
  3.7990  -0.5083 
  3.7991  -0.5085 
  3.8000  -0.5086 
  3.8002  -0.5087 
  3.8004  -0.5087 
  3.8005  -0.5087 
  3.8005  -0.5088 
  3.8010  -0.5088 
  3.8011  -0.5088 
  3.8012  -0.5089 
  3.8013  -0.5103 
  3.8024  -0.5105 
  3.8031  -0.5105 
  3.8037  -0.5120 
  3.8044  -0.5122 
  3.8048  -0.5124 
  3.8053  -0.5126 
  3.8055  -0.5128 
  3.8058  -0.5130 
  3.8063  -0.5131 
  3.8065  -0.5132 
  3.8065  -0.5133 
  3.8067  -0.5135 
  3.8070  -0.5136 
  3.8071  -0.5137 
  3.8072  -0.5138 
  3.8074  -0.5141 
  3.8077  -0.5143 
  3.8080  -0.5145 
  3.8083  -0.5162 
  3.8102  -0.5164 
  3.8109  -0.5166 
  3.8114  -0.5167 
  3.8118  -0.5181 
  3.8130  -0.5183 
  3.8133  -0.5185 
  3.8138  -0.5187 
  3.8141  -0.5188 
  3.8142  -0.5202 
  3.8162  -0.5203 
  3.8162  -0.5205 
  3.8168  -0.5206 
  3.8170  -0.5206 
  3.8174  -0.5220 
  3.8181  -0.5222 
  3.8182  -0.5224 
  3.8187  -0.5227 
  3.8188  -0.5229 
  3.8196  -0.5231 
  3.8199  -0.5233 
  3.8207  -0.5234 
  3.8209  -0.5247 
  3.8216  -0.5249 
  3.8221  -0.5251 
  3.8230  -0.5271 
  3.8256  -0.5272 
  3.8258  -0.5274 
  3.8261  -0.5276 
  3.8263  -0.5279 
  3.8267  -0.5279 
  3.8268  -0.5292 
  3.8280  -0.5295 
  3.8286  -0.5297 
  3.8296  -0.5297 
  3.8296  -0.5298 
  3.8297  -0.5311 
  3.8310  -0.5313 
  3.8311  -0.5315 
  3.8314  -0.5317 
  3.8315  -0.5320 
  3.8318  -0.5322 
  3.8327  -0.5322 
  3.8328  -0.5323 
  3.8333  -0.5336 
  3.8338  -0.5338 
  3.8347  -0.5339 
  3.8348  -0.5341 
  3.8351  -0.5341 
  3.8356  -0.5341 
  3.8357  -0.5354 
  3.8365  -0.5357 
  3.8372  -0.5359 
  3.8376  -0.5362 
  3.8379  -0.5364 
  3.8380  -0.5366 
  3.8382  -0.5369 
  3.8388  -0.5370 
  3.8390  -0.5371 
  3.8396  -0.5372 
  3.8399  -0.5384 
  3.8407  -0.5387 
  3.8410  -0.5389 
  3.8414  -0.5392 
  3.8417  -0.5394 
  3.8423  -0.5395 
  3.8425  -0.5396 
  3.8428  -0.5396 
  3.8431  -0.5397 
  3.8433  -0.5409 
  3.8439  -0.5411 
  3.8447  -0.5413 
  3.8449  -0.5414 
  3.8450  -0.5417 
  3.8452  -0.5419 
  3.8454  -0.5422 
  3.8458  -0.5425 
  3.8459  -0.5428 
  3.8468  -0.5430 
  3.8471  -0.5431 
  3.8473  -0.5434 
  3.8478  -0.5446 
  3.8478  -0.5446 
  3.8494  -0.5449 
  3.8503  -0.5461 
  3.8510  -0.5464 
  3.8517  -0.5464 
  3.8517  -0.5467 
  3.8521  -0.5468 
  3.8522  -0.5469 
  3.8525  -0.5471 
  3.8527  -0.5474 
  3.8530  -0.5477 
  3.8534  -0.5480 
  3.8540  -0.5481 
  3.8541  -0.5492 
  3.8552  -0.5495 
  3.8558  -0.5498 
  3.8564  -0.5501 
  3.8564  -0.5504 
  3.8565  -0.5507 
  3.8575  -0.5508 
  3.8576  -0.5511 
  3.8578  -0.5514 
  3.8582  -0.5517 
  3.8582  -0.5517 
  3.8582  -0.5518 
  3.8590  -0.5530 
  3.8606  -0.5533 
  3.8609  -0.5537 
  3.8612  -0.5540 
  3.8620  -0.5543 
  3.8623  -0.5543 
  3.8624  -0.5545 
  3.8626  -0.5549 
  3.8628  -0.5552 
  3.8636  -0.5556 
  3.8638  -0.5560 
  3.8646  -0.5564 
  3.8646  -0.5564 
  3.8652  -0.5565 
  3.8652  -0.5565 
  3.8652  -0.5569 
  3.8659  -0.5572 
  3.8662  -0.5576 
  3.8671  -0.5588 
  3.8684  -0.5588 
  3.8684  -0.5589 
  3.8685  -0.5589 
  3.8689  -0.5601 
  3.8701  -0.5613 
  3.8717  -0.5616 
  3.8718  -0.5620 
  3.8726  -0.5621 
  3.8728  -0.5625 
  3.8733  -0.5628 
  3.8737  -0.5634 
  3.8745  -0.5636 
  3.8748  -0.5636 
  3.8749  -0.5642 
  3.8756  -0.5644 
  3.8760  -0.5650 
  3.8767  -0.5651 
  3.8767  -0.5652 
  3.8770  -0.5653 
  3.8771  -0.5658 
  3.8780  -0.5670 
  3.8793  -0.5674 
  3.8798  -0.5674 
  3.8799  -0.5677 
  3.8803  -0.5682 
  3.8809  -0.5685 
  3.8813  -0.5689 
  3.8819  -0.5694 
  3.8825  -0.5697 
  3.8829  -0.5701 
  3.8834  -0.5702 
  3.8836  -0.5707 
  3.8842  -0.5711 
  3.8848  -0.5715 
  3.8854  -0.5718 
  3.8857  -0.5722 
  3.8862  -0.5726 
  3.8868  -0.5728 
  3.8871  -0.5742 
  3.8889  -0.5744 
  3.8892  -0.5746 
  3.8894  -0.5748 
  3.8897  -0.5752 
  3.8902  -0.5757 
  3.8909  -0.5761 
  3.8914  -0.5765 
  3.8919  -0.5766 
  3.8920  -0.5767 
  3.8922  -0.5770 
  3.8927  -0.5772 
  3.8929  -0.5776 
  3.8934  -0.5780 
  3.8939  -0.5782 
  3.8941  -0.5783 
  3.8943  -0.5784 
  3.8945  -0.5791 
  3.8950  -0.5798 
  3.8963  -0.5800 
  3.8966  -0.5802 
  3.8968  -0.5802 
  3.8969  -0.5803 
  3.8970  -0.5804 
  3.8971  -0.5805 
  3.8972  -0.5807 
  3.8975  -0.5812 
  3.8981  -0.5819 
  3.8991  -0.5820 
  3.8993  -0.5821 
  3.8994  -0.5823 
  3.8996  -0.5824 
  3.8998  -0.5825 
  3.8999  -0.5827 
  3.9001  -0.5830 
  3.9006  -0.5832 
  3.9008  -0.5832 
  3.9009  -0.5833 
  3.9009  -0.5835 
  3.9012  -0.5836 
  3.9013  -0.5843 
  3.9023  -0.5850 
  3.9030  -0.5857 
  3.9041  -0.5858 
  3.9042  -0.5858 
  3.9046  -0.5871 
  3.9059  -0.5873 
  3.9062  -0.5874 
  3.9064  -0.5876 
  3.9066  -0.5878 
  3.9069  -0.5880 
  3.9071  -0.5885 
  3.9078  -0.5891 
  3.9085  -0.5896 
  3.9092  -0.5896 
  3.9093  -0.5900 
  3.9098  -0.5901 
  3.9099  -0.5903 
  3.9102  -0.5904 
  3.9103  -0.5921 
  3.9125  -0.5926 
  3.9132  -0.5929 
  3.9135  -0.5931 
  3.9138  -0.5931 
  3.9139  -0.5934 
  3.9142  -0.5936 
  3.9145  -0.5939 
  3.9149  -0.5942 
  3.9153  -0.5943 
  3.9153  -0.5948 
  3.9153  -0.5948 
  3.9161  -0.5949 
  3.9161  -0.5959 
  3.9175  -0.5962 
  3.9180  -0.5975 
  3.9196  -0.5984 
  3.9208  -0.5987 
  3.9212  -0.5989 
  3.9215  -0.5993 
  3.9220  -0.6002 
  3.9232  -0.6002 
  3.9232  -0.6006 
  3.9238  -0.6010 
  3.9242  -0.6011 
  3.9243  -0.6013 
  3.9246  -0.6017 
  3.9251  -0.6019 
  3.9254  -0.6020 
  3.9256  -0.6027 
  3.9264  -0.6035 
  3.9275  -0.6043 
  3.9285  -0.6044 
  3.9288  -0.6051 
  3.9296  -0.6051 
  3.9296  -0.6053 
  3.9299  -0.6056 
  3.9303  -0.6060 
  3.9307  -0.6069 
  3.9320  -0.6070 
  3.9321  -0.6074 
  3.9326  -0.6075 
  3.9328  -0.6079 
  3.9332  -0.6089 
  3.9346  -0.6092 
  3.9350  -0.6102 
  3.9363  -0.6122 
  3.9390  -0.6131 
  3.9400  -0.6135 
  3.9406  -0.6140 
  3.9413  -0.6143 
  3.9417  -0.6147 
  3.9422  -0.6148 
  3.9424  -0.6149 
  3.9424  -0.6150 
  3.9425  -0.6157 
  3.9434  -0.6157 
  3.9435  -0.6159 
  3.9438  -0.6161 
  3.9440  -0.6181 
  3.9466  -0.6183 
  3.9466  -0.6184 
  3.9469  -0.6187 
  3.9474  -0.6188 
  3.9475  -0.6189 
  3.9477  -0.6194 
  3.9484  -0.6200 
  3.9490  -0.6204 
  3.9490  -0.6204 
  3.9496  -0.6205 
  3.9497  -0.6211 
  3.9505  -0.6220 
  3.9517  -0.6228 
  3.9527  -0.6232 
  3.9533  -0.6237 
  3.9539  -0.6240 
  3.9543  -0.6241 
  3.9544  -0.6245 
  3.9550  -0.6251 
  3.9557  -0.6253 
  3.9560  -0.6256 
  3.9564  -0.6261 
  3.9571  -0.6262 
  3.9572  -0.6264 
  3.9574  -0.6268 
  3.9579  -0.6271 
  3.9583  -0.6280 
  3.9595  -0.6286 
  3.9603  -0.6288 
  3.9606  -0.6294 
  3.9613  -0.6295 
  3.9615  -0.6297 
  3.9617  -0.6299 
  3.9619  -0.6309 
  3.9632  -0.6311 
  3.9636  -0.6311 
  3.9636  -0.6312 
  3.9636  -0.6317 
  3.9644  -0.6322 
  3.9650  -0.6327 
  3.9656  -0.6333 
  3.9664  -0.6336 
  3.9668  -0.6340 
  3.9673  -0.6341 
  3.9674  -0.6346 
  3.9682  -0.6360 
  3.9699  -0.6361 
  3.9700  -0.6373 
  3.9700  -0.6373 
  3.9716  -0.6376 
  3.9720  -0.6379 
  3.9724  -0.6383 
  3.9729  -0.6384 
  3.9730  -0.6387 
  3.9734  -0.6388 
  3.9735  -0.6389 
  3.9737  -0.6394 
  3.9743  -0.6395 
  3.9744  -0.6396 
  3.9746  -0.6398 
  3.9749  -0.6402 
  3.9754  -0.6403 
  3.9755  -0.6414 
  3.9769  -0.6416 
  3.9771  -0.6429 
  3.9789  -0.6432 
  3.9793  -0.6435 
  3.9796  -0.6438 
  3.9800  -0.6442 
  3.9806  -0.6444 
  3.9808  -0.6446 
  3.9811  -0.6447 
  3.9812  -0.6481 
  3.9857  -0.6485 
  3.9862  -0.6493 
  3.9872  -0.6495 
  3.9874  -0.6498 
  3.9878  -0.6509 
  3.9892  -0.6509 
  3.9893  -0.6511 
  3.9894  -0.6513 
  3.9898  -0.6513 
  3.9898  -0.6517 
  3.9903  -0.6527 
  3.9916  -0.6529 
  3.9916  -0.6529 
  3.9918  -0.6542 
  3.9935  -0.6544 
  3.9938  -0.6553 
  3.9950  -0.6573 
  3.9975  -0.6577 
  3.9980  -0.6578 
  3.9982  -0.6581 
  3.9985  -0.6587 
  3.9993  -0.6597 
  4.0007  -0.6600 
  4.0010  -0.6606 
  4.0017  -0.6619 
  4.0035  -0.6623 
  4.0041  -0.6628 
  4.0046  -0.6631 
  4.0051  -0.6646 
  4.0070  -0.6649 
  4.0073  -0.6651 
  4.0076  -0.6655 
  4.0081  -0.6657 
  4.0084  -0.6677 
  4.0109  -0.6680 
  4.0114  -0.6684 
  4.0119  -0.6698 
  4.0137  -0.6699 
  4.0138  -0.6703 
  4.0144  -0.6712 
  4.0155  -0.6728 
  4.0176  -0.6731 
  4.0180  -0.6732 
  4.0181  -0.6737 
  4.0188  -0.6740 
  4.0191  -0.6740 
  4.0192  -0.6745 
  4.0197  -0.6751 
  4.0206  -0.6754 
  4.0209  -0.6756 
  4.0212  -0.6756 
  4.0213  -0.6782 
  4.0246  -0.6797 
  4.0265  -0.6799 
  4.0267  -0.6805 
  4.0275  -0.6808 
  4.0280  -0.6858 
  4.0344  -0.6862 
  4.0349  -0.6865 
  4.0353  -0.6870 
  4.0359  -0.6872 
  4.0363  -0.6886 
  4.0380  -0.6894 
  4.0390  -0.6897 
  4.0395  -0.6903 
  4.0402  -0.6903 
  4.0403  -0.6904 
  4.0404  -0.6918 
  4.0422  -0.6922 
  4.0427  -0.6930 
  4.0438  -0.6948 
  4.0461  -0.6949 
  4.0462  -0.6949 
  4.0462  -0.6962 
  4.0479  -0.6963 
  4.0481  -0.6965 
  4.0483  -0.6967 
  4.0485  -0.6970 
  4.0489  -0.6975 
  4.0496  -0.6978 
  4.0500  -0.6981 
  4.0504  -0.6987 
  4.0511  -0.6988 
  4.0513  -0.7007 
  4.0537  -0.7021 
  4.0555  -0.7027 
  4.0563  -0.7030 
  4.0567  -0.7033 
  4.0571  -0.7034 
  4.0571  -0.7047 
  4.0589  -0.7048 
  4.0591  -0.7056 
  4.0601  -0.7064 
  4.0612  -0.7078 
  4.0629  -0.7079 
  4.0630  -0.7081 
  4.0633  -0.7088 
  4.0642  -0.7090 
  4.0645  -0.7091 
  4.0646  -0.7099 
  4.0656  -0.7102 
  4.0660  -0.7115 
  4.0677  -0.7130 
  4.0696  -0.7131 
  4.0698  -0.7143 
  4.0713  -0.7152 
  4.0725  -0.7160 
  4.0735  -0.7182 
  4.0763  -0.7192 
  4.0778  -0.7208 
  4.0798  -0.7208 
  4.0798  -0.7211 
  4.0801  -0.7211 
  4.0802  -0.7222 
  4.0816  -0.7223 
  4.0817  -0.7224 
  4.0819  -0.7229 
  4.0825  -0.7234 
  4.0831  -0.7235 
  4.0833  -0.7253 
  4.0856  -0.7262 
  4.0868  -0.7263 
  4.0869  -0.7270 
  4.0879  -0.7287 
  4.0900  -0.7288 
  4.0902  -0.7295 
  4.0910  -0.7296 
  4.0910  -0.7296 
  4.0913  -0.7302 
  4.0921  -0.7305 
  4.0924  -0.7313 
  4.0934  -0.7323 
  4.0948  -0.7328 
  4.0954  -0.7338 
  4.0967  -0.7358 
  4.0993  -0.7363 
  4.0999  -0.7366 
  4.1004  -0.7387 
  4.1031  -0.7407 
  4.1057  -0.7412 
  4.1064  -0.7426 
  4.1082  -0.7426 
  4.1082  -0.7440 
  4.1100  -0.7440 
  4.1101  -0.7444 
  4.1105  -0.7445 
  4.1107  -0.7449 
  4.1112  -0.7462 
  4.1112  -0.7463 
  4.1130  -0.7474 
  4.1145  -0.7485 
  4.1159  -0.7507 
  4.1188  -0.7508 
  4.1189  -0.7508 
  4.1190  -0.7521 
  4.1206  -0.7550 
  4.1244  -0.7553 
  4.1249  -0.7561 
  4.1259  -0.7561 
  4.1259  -0.7563 
  4.1261  -0.7564 
  4.1262  -0.7565 
  4.1262  -0.7566 
  4.1266  -0.7600 
  4.1311  -0.7604 
  4.1316  -0.7620 
  4.1316  -0.7620 
  4.1337  -0.7626 
  4.1345  -0.7636 
  4.1357  -0.7637 
  4.1359  -0.7639 
  4.1361  -0.7643 
  4.1367  -0.7654 
  4.1381  -0.7658 
  4.1387  -0.7669 
  4.1402  -0.7672 
  4.1406  -0.7676 
  4.1410  -0.7688 
  4.1427  -0.7691 
  4.1430  -0.7693 
  4.1433  -0.7706 
  4.1450  -0.7706 
  4.1451  -0.7709 
  4.1455  -0.7712 
  4.1458  -0.7713 
  4.1460  -0.7716 
  4.1463  -0.7717 
  4.1465  -0.7742 
  4.1498  -0.7747 
  4.1504  -0.7748 
  4.1506  -0.7758 
  4.1519  -0.7767 
  4.1531  -0.7769 
  4.1534  -0.7770 
  4.1536  -0.7771 
  4.1536  -0.7782 
  4.1551  -0.7784 
  4.1553  -0.7787 
  4.1559  -0.7788 
  4.1559  -0.7790 
  4.1562  -0.7800 
  4.1575  -0.7813 
  4.1592  -0.7824 
  4.1606  -0.7828 
  4.1612  -0.7833 
  4.1618  -0.7834 
  4.1620  -0.7835 
  4.1622  -0.7842 
  4.1631  -0.7846 
  4.1636  -0.7851 
  4.1643  -0.7857 
  4.1652  -0.7875 
  4.1676  -0.7876 
  4.1676  -0.7889 
  4.1694  -0.7893 
  4.1699  -0.7902 
  4.1712  -0.7908 
  4.1720  -0.7913 
  4.1726  -0.7913 
  4.1726  -0.7916 
  4.1730  -0.7924 
  4.1741  -0.7932 
  4.1752  -0.7934 
  4.1755  -0.7939 
  4.1761  -0.7949 
  4.1774  -0.7952 
  4.1778  -0.7961 
  4.1790  -0.7976 
  4.1810  -0.7978 
  4.1814  -0.7979 
  4.1815  -0.8004 
  4.1848  -0.8008 
  4.1854  -0.8013 
  4.1860  -0.8017 
  4.1865  -0.8021 
  4.1871  -0.8022 
  4.1873  -0.8023 
  4.1874  -0.8025 
  4.1876  -0.8030 
  4.1883  -0.8034 
  4.1888  -0.8035 
  4.1891  -0.8036 
  4.1892  -0.8059 
  4.1922  -0.8065 
  4.1931  -0.8066 
  4.1932  -0.8080 
  4.1951  -0.8080 
  4.1952  -0.8081 
  4.1953  -0.8084 
  4.1957  -0.8097 
  4.1974  -0.8098 
  4.1976  -0.8106 
  4.1986  -0.8111 
  4.1993  -0.8116 
  4.2001  -0.8119 
  4.2005  -0.8120 
  4.2005  -0.8122 
  4.2008  -0.8128 
  4.2016  -0.8133 
  4.2023  -0.8152 
  4.2050  -0.8158 
  4.2057  -0.8161 
  4.2062  -0.8162 
  4.2063  -0.8163 
  4.2065  -0.8164 
  4.2066  -0.8169 
  4.2072  -0.8174 
  4.2080  -0.8201 
  4.2117  -0.8202 
  4.2118  -0.8211 
  4.2130  -0.8229 
  4.2155  -0.8230 
  4.2156  -0.8239 
  4.2169  -0.8241 
  4.2170  -0.8248 
  4.2181  -0.8249 
  4.2182  -0.8266 
  4.2206  -0.8267 
  4.2207  -0.8268 
  4.2209  -0.8273 
  4.2215  -0.8275 
  4.2218  -0.8281 
  4.2227  -0.8282 
  4.2228  -0.8283 
  4.2229  -0.8297 
  4.2249  -0.8299 
  4.2251  -0.8317 
  4.2275  -0.8318 
  4.2277  -0.8332 
  4.2297  -0.8338 
  4.2304  -0.8345 
  4.2315  -0.8351 
  4.2324  -0.8381 
  4.2365  -0.8395 
  4.2385  -0.8396 
  4.2386  -0.8403 
  4.2396  -0.8409 
  4.2404  -0.8437 
  4.2444  -0.8452 
  4.2464  -0.8455 
  4.2468  -0.8459 
  4.2474  -0.8470 
  4.2490  -0.8474 
  4.2495  -0.8487 
  4.2513  -0.8493 
  4.2522  -0.8494 
  4.2523  -0.8498 
  4.2530  -0.8525 
  4.2568  -0.8536 
  4.2583  -0.8538 
  4.2586  -0.8542 
  4.2591  -0.8542 
  4.2592  -0.8568 
  4.2628  -0.8573 
  4.2635  -0.8573 
  4.2636  -0.8582 
  4.2649  -0.8591 
  4.2649  -0.8591 
  4.2663  -0.8592 
  4.2663  -0.8596 
  4.2669  -0.8601 
  4.2676  -0.8610 
  4.2688  -0.8621 
  4.2704  -0.8626 
  4.2704  -0.8627 
  4.2713  -0.8629 
  4.2716  -0.8631 
  4.2719  -0.8632 
  4.2720  -0.8636 
  4.2727  -0.8656 
  4.2755  -0.8672 
  4.2778  -0.8673 
  4.2779  -0.8678 
  4.2787  -0.8686 
  4.2797  -0.8688 
  4.2801  -0.8693 
  4.2808  -0.8704 
  4.2825  -0.8706 
  4.2827  -0.8706 
  4.2828  -0.8712 
  4.2835  -0.8717 
  4.2843  -0.8723 
  4.2852  -0.8728 
  4.2860  -0.8738 
  4.2874  -0.8746 
  4.2886  -0.8748 
  4.2888  -0.8763 
  4.2910  -0.8764 
  4.2911  -0.8767 
  4.2916  -0.8777 
  4.2931  -0.8781 
  4.2936  -0.8789 
  4.2949  -0.8798 
  4.2962  -0.8799 
  4.2963  -0.8822 
  4.2997  -0.8825 
  4.3001  -0.8826 
  4.3002  -0.8842 
  4.3027  -0.8847 
  4.3033  -0.8848 
  4.3035  -0.8853 
  4.3042  -0.8854 
  4.3044  -0.8860 
  4.3054  -0.8860 
  4.3054  -0.8861 
  4.3055  -0.8871 
  4.3069  -0.8874 
  4.3074  -0.8878 
  4.3080  -0.8883 
  4.3087  -0.8884 
  4.3088  -0.8900 
  4.3112  -0.8905 
  4.3121  -0.8907 
  4.3122  -0.8909 
  4.3126  -0.8927 
  4.3153  -0.8934 
  4.3163  -0.8935 
  4.3164  -0.8939 
  4.3171  -0.8947 
  4.3183  -0.8969 
  4.3216  -0.8973 
  4.3222  -0.8974 
  4.3224  -0.8995 
  4.3255  -0.9004 
  4.3270  -0.9007 
  4.3273  -0.9018 
  4.3290  -0.9022 
  4.3297  -0.9026 
  4.3304  -0.9033 
  4.3313  -0.9034 
  4.3314  -0.9037 
  4.3319  -0.9043 
  4.3329  -0.9050 
  4.3340  -0.9051 
  4.3341  -0.9057 
  4.3350  -0.9061 
  4.3356  -0.9066 
  4.3364  -0.9074 
  4.3376  -0.9092 
  4.3404  -0.9093 
  4.3406  -0.9102 
  4.3419  -0.9106 
  4.3427  -0.9112 
  4.3436  -0.9113 
  4.3437  -0.9116 
  4.3441  -0.9123 
  4.3452  -0.9134 
  4.3470  -0.9136 
  4.3473  -0.9152 
  4.3497  -0.9153 
  4.3499  -0.9157 
  4.3505  -0.9159 
  4.3508  -0.9166 
  4.3519  -0.9174 
  4.3532  -0.9175 
  4.3533  -0.9176 
  4.3536  -0.9181 
  4.3543  -0.9195 
  4.3565  -0.9195 
  4.3566  -0.9203 
  4.3577  -0.9208 
  4.3586  -0.9208 
  4.3586  -0.9237 
  4.3631  -0.9238 
  4.3633  -0.9246 
  4.3646  -0.9259 
  4.3666  -0.9272 
  4.3688  -0.9276 
  4.3694  -0.9299 
  4.3730  -0.9308 
  4.3746  -0.9309 
  4.3747  -0.9320 
  4.3764  -0.9332 
  4.3785  -0.9334 
  4.3787  -0.9337 
  4.3794  -0.9338 
  4.3794  -0.9340 
  4.3798  -0.9341 
  4.3799  -0.9356 
  4.3824  -0.9373 
  4.3851  -0.9385 
  4.3871  -0.9393 
  4.3884  -0.9394 
  4.3886  -0.9396 
  4.3890  -0.9404 
  4.3902  -0.9431 
  4.3947  -0.9431 
  4.3947  -0.9442 
  4.3965  -0.9445 
  4.3970  -0.9446 
  4.3971  -0.9447 
  4.3973  -0.9455 
  4.3987  -0.9461 
  4.3997  -0.9470 
  4.3997  -0.9471 
  4.4013  -0.9480 
  4.4029  -0.9488 
  4.4042  -0.9492 
  4.4049  -0.9495 
  4.4054  -0.9497 
  4.4057  -0.9502 
  4.4067  -0.9503 
  4.4068  -0.9509 
  4.4078  -0.9511 
  4.4082  -0.9525 
  4.4105  -0.9531 
  4.4116  -0.9533 
  4.4119  -0.9540 
  4.4131  -0.9549 
  4.4146  -0.9558 
  4.4162  -0.9569 
  4.4182  -0.9570 
  4.4183  -0.9582 
  4.4203  -0.9583 
  4.4204  -0.9585 
  4.4208  -0.9591 
  4.4218  -0.9594 
  4.4224  -0.9600 
  4.4236  -0.9601 
  4.4236  -0.9603 
  4.4240  -0.9611 
  4.4253  -0.9616 
  4.4262  -0.9628 
  4.4283  -0.9647 
  4.4316  -0.9650 
  4.4322  -0.9671 
  4.4359  -0.9681 
  4.4376  -0.9685 
  4.4384  -0.9686 
  4.4385  -0.9691 
  4.4396  -0.9692 
  4.4396  -0.9715 
  4.4438  -0.9721 
  4.4448  -0.9728 
  4.4461  -0.9731 
  4.4466  -0.9748 
  4.4497  -0.9748 
  4.4499  -0.9749 
  4.4501  -0.9750 
  4.4502  -0.9751 
  4.4504  -0.9752 
  4.4505  -0.9753 
  4.4506  -0.9755 
  4.4511  -0.9763 
  4.4526  -0.9766 
  4.4530  -0.9768 
  4.4535  -0.9772 
  4.4542  -0.9776 
  4.4548  -0.9777 
  4.4551  -0.9782 
  4.4560  -0.9785 
  4.4565  -0.9787 
  4.4570  -0.9797 
  4.4588  -0.9810 
  4.4612  -0.9825 
  4.4639  -0.9842 
  4.4671  -0.9856 
  4.4697  -0.9857 
  4.4699  -0.9858 
  4.4705  -0.9859 
  4.4705  -0.9860 
  4.4706  -0.9862 
  4.4709  -0.9864 
  4.4712  -0.9876 
  4.4735  -0.9878 
  4.4740  -0.9894 
  4.4770  -0.9906 
  4.4793  -0.9909 
  4.4800  -0.9910 
  4.4800  -0.9913 
  4.4807  -0.9921 
  4.4821  -0.9923 
  4.4826  -0.9928 
  4.4835  -0.9931 
  4.4841  -0.9940 
  4.4858  -0.9941 
  4.4861  -0.9943 
  4.4865  -0.9950 
  4.4878  -0.9951 
  4.4879  -0.9955 
  4.4889  -0.9956 
  4.4889  -0.9965 
  4.4909  -0.9966 
  4.4909  -0.9977 
  4.4931  -0.9985 
  4.4947  -0.9986 
  4.4948  -0.9996 
  4.4969  -0.9997 
  4.4971  -1.0010 
  4.4998  -1.0022 
  4.5020  -1.0033 
  4.5042  -1.0040 
  4.5058  -1.0043 
  4.5064  -1.0045 
  4.5067  -1.0053 
  4.5083  -1.0056 
  4.5090  -1.0061 
  4.5099  -1.0062 
  4.5101  -1.0070 
  4.5118  -1.0071 
  4.5120  -1.0072 
  4.5123  -1.0077 
  4.5132  -1.0082 
  4.5143  -1.0084 
  4.5148  -1.0087 
  4.5153  -1.0092 
  4.5164  -1.0095 
  4.5170  -1.0099 
  4.5226  -1.0100 
  4.5228  -1.0101 
  4.5246  -1.0102 
  4.5253  -1.0103 
  4.5276  -1.0104 
  4.5279  -1.0105 
  4.5283  -1.0106 
  4.5310  -1.1552 
  4.5331  -1.1560 
  4.5337  -1.1589 
  4.5361  -1.1601 
  4.5372  -1.1625 
  4.5392  -1.1633 
  4.5399  -1.1662 
  4.5424  -1.1673 
  4.5433  -1.1682 
  4.5441  -1.1686 
  4.5444  -1.1689 
  4.5447  -1.1690 
  4.5448  -1.1705 
  4.5461  -1.1707 
  4.5462  -1.1711 
  4.5465  -1.1718 
  4.5472  -1.1739 
  4.5489  -1.1744 
  4.5493  -1.1788 
  4.5531  -1.1797 
  4.5539  -1.1803 
  4.5543  -1.1819 
  4.5557  -1.1845 
  4.5580  -1.1854 
  4.5587  -1.1865 
  4.5597  -1.1908 
  4.5633  -1.1918 
  4.5642  -1.1922 
  4.5645  -1.1925 
  4.5647  -1.1947 
  4.5666  -1.1953 
  4.5671  -1.2002 
  4.5712  -1.2037 
  4.5742  -1.2042 
  4.5747  -1.2081 
  4.5779  -1.2123 
  4.5816  -1.2127 
  4.5819  -1.2147 
  4.5836  -1.2149 
  4.5837  -1.2177 
  4.5861  -1.2187 
  4.5870  -1.2199 
  4.5880  -1.2207 
  4.5887  -1.2243 
  4.5917  -1.2331 
  4.5992  -1.2338 
  4.5998  -1.2353 
  4.6011  -1.2364 
  4.6020  -1.2375 
  4.6029  -1.2423 
  4.6070  -1.2447 
  4.6091  -1.2455 
  4.6097  -1.2477 
  4.6116  -1.2482 
  4.6121  -1.2501 
  4.6137  -1.2534 
  4.6165  -1.2547 
  4.6177  -1.2549 
  4.6177  -1.2574 
  4.6199  -1.2613 
  4.6232  -1.2643 
  4.6258  -1.2644 
  4.6259  -1.2646 
  4.6261  -1.2648 
  4.6261  -1.2657 
  4.6269  -1.2703 
  4.6308  -1.2709 
  4.6313  -1.2712 
  4.6316  -1.2717 
  4.6320  -1.2780 
  4.6375  -1.2782 
  4.6375  -1.2793 
  4.6385  -1.2821 
  4.6408  -1.2827 
  4.6414  -1.2835 
  4.6420  -1.2847 
  4.6430  -1.2850 
  4.6434  -1.2852 
  4.6435  -1.2872 
  4.6452  -1.2883 
  4.6461  -1.2910 
  4.6484  -1.2914 
  4.6488  -1.2919 
  4.6494  -1.2921 
  4.6495  -1.2923 
  4.6495  -1.2925 
  4.6496  -1.2943 
  4.6512  -1.2945 
  4.6514  -1.3004 
  4.6564  -1.3012 
  4.6571  -1.3025 
  4.6582  -1.3033 
  4.6590  -1.3035 
  4.6590  -1.3055 
  4.6607  -1.3112 
  4.6656  -1.3121 
  4.6664  -1.3160 
  4.6697  -1.3192 
  4.6724  -1.3194 
  4.6727  -1.3196 
  4.6728  -1.3198 
  4.6729  -1.3205 
  4.6735  -1.3210 
  4.6739  -1.3223 
  4.6750  -1.3254 
  4.6776  -1.3270 
  4.6790  -1.3304 
  4.6818  -1.3323 
  4.6835  -1.3377 
  4.6881  -1.3390 
  4.6892  -1.3420 
  4.6917  -1.3446 
  4.6940  -1.3450 
  4.6943  -1.3466 
  4.6943  -1.3469 
  4.6959  -1.3475 
  4.6964  -1.3509 
  4.6993  -1.3547 
  4.7026  -1.3549 
  4.7027  -1.3558 
  4.7034  -1.3571 
  4.7046  -1.3582 
  4.7055  -1.3605 
  4.7074  -1.3610 
  4.7079  -1.3644 
  4.7108  -1.3676 
  4.7135  -1.3691 
  4.7148  -1.3703 
  4.7157  -1.3717 
  4.7170  -1.3734 
  4.7187  -1.3736 
  4.7189  -1.3739 
  4.7189  -1.3741 
  4.7190  -1.3767 
  4.7213  -1.3772 
  4.7216  -1.3774 
  4.7218  -1.3792 
  4.7233  -1.3814 
  4.7252  -1.3823 
  4.7260  -1.3827 
  4.7263  -1.3831 
  4.7266  -1.3844 
  4.7277  -1.3852 
  4.7285  -1.3859 
  4.7291  -1.3862 
  4.7294  -1.3864 
  4.7295  -1.3910 
  4.7334  -1.3964 
  4.7379  -1.4022 
  4.7429  -1.4035 
  4.7442  -1.4038 
  4.7442  -1.4055 
  4.7458  -1.4058 
  4.7459  -1.4067 
  4.7467  -1.4073 
  4.7472  -1.4083 
  4.7481  -1.4107 
  4.7501  -1.4185 
  4.7567  -1.4190 
  4.7572  -1.4196 
  4.7577  -1.4236 
  4.7611  -1.4274 
  4.7643  -1.4287 
  4.7654  -1.4291 
  4.7658  -1.4327 
  4.7688  -1.4344 
  4.7702  -1.4349 
  4.7706  -1.4363 
  4.7720  -1.4366 
  4.7721  -1.4393 
  4.7745  -1.4400 
  4.7750  -1.4413 
  4.7761  -1.4417 
  4.7766  -1.4419 
  4.7766  -1.4435 
  4.7780  -1.4451 
  4.7794  -1.4488 
  4.7825  -1.4491 
  4.7828  -1.4493 
  4.7829  -1.4529 
  4.7860  -1.4545 
  4.7873  -1.4606 
  4.7925  -1.4631 
  4.7947  -1.4672 
  4.7981  -1.4694 
  4.8003  -1.4697 
  4.8005  -1.4700 
  4.8005  -1.4707 
  4.8011  -1.4730 
  4.8030  -1.4736 
  4.8035  -1.4811 
  4.8100  -1.4814 
  4.8102  -1.4828 
  4.8113  -1.4860 
  4.8141  -1.4883 
  4.8160  -1.4892 
  4.8168  -1.4897 
  4.8174  -1.4900 
  4.8175  -1.4908 
  4.8183  -1.4911 
  4.8185  -1.4914 
  4.8186  -1.4958 
  4.8224  -1.4982 
  4.8245  -1.5028 
  4.8283  -1.5040 
  4.8294  -1.5056 
  4.8307  -1.5060 
  4.8311  -1.5076 
  4.8326  -1.5079 
  4.8327  -1.5122 
  4.8366  -1.5125 
  4.8366  -1.5131 
  4.8371  -1.5198 
  4.8428  -1.5221 
  4.8448  -1.5253 
  4.8475  -1.5279 
  4.8497  -1.5287 
  4.8504  -1.5304 
  4.8518  -1.5347 
  4.8554  -1.5355 
  4.8561  -1.5361 
  4.8566  -1.5394 
  4.8594  -1.5400 
  4.8600  -1.5452 
  4.8644  -1.5461 
  4.8652  -1.5501 
  4.8686  -1.5504 
  4.8688  -1.5521 
  4.8703  -1.5576 
  4.8749  -1.5599 
  4.8768  -1.5610 
  4.8778  -1.5622 
  4.8788  -1.5625 
  4.8791  -1.5637 
  4.8801  -1.5644 
  4.8809  -1.5648 
  4.8810  -1.5657 
  4.8818  -1.5713 
  4.8865  -1.5727 
  4.8878  -1.5746 
  4.8894  -1.5752 
  4.8899  -1.5758 
  4.8904  -1.5787 
  4.8931  -1.5791 
  4.8932  -1.5794 
  4.8936  -1.5798 
  4.8938  -1.5826 
  4.8963  -1.5829 
  4.8964  -1.5840 
  4.8974  -1.5854 
  4.8985  -1.5883 
  4.9010  -1.5917 
  4.9039  -1.5921 
  4.9042  -1.5930 
  4.9050  -1.5940 
  4.9059  -1.5953 
  4.9070  -1.5959 
  4.9075  -1.5974 
  4.9087  -1.6012 
  4.9120  -1.6031 
  4.9135  -1.6055 
  4.9156  -1.6097 
  4.9195  -1.6101 
  4.9196  -1.6105 
  4.9199  -1.6111 
  4.9203  -1.6129 
  4.9220  -1.6133 
  4.9223  -1.6142 
  4.9230  -1.6152 
  4.9238  -1.6180 
  4.9262  -1.6205 
  4.9283  -1.6213 
  4.9291  -1.6217 
  4.9293  -1.6253 
  4.9325  -1.6287 
  4.9353  -1.6299 
  4.9364  -1.6339 
  4.9398  -1.6364 
  4.9418  -1.6390 
  4.9441  -1.6413 
  4.9460  -1.6431 
  4.9476  -1.6442 
  4.9485  -1.6457 
  4.9500  -1.6461 
  4.9501  -1.6482 
  4.9519  -1.6509 
  4.9542  -1.6525 
  4.9556  -1.6575 
  4.9598  -1.6593 
  4.9616  -1.6597 
  4.9617  -1.6619 
  4.9636  -1.6649 
  4.9661  -1.6656 
  4.9667  -1.6660 
  4.9671  -1.6676 
  4.9684  -1.6680 
  4.9687  -1.6689 
  4.9694  -1.6732 
  4.9731  -1.6759 
  4.9754  -1.6767 
  4.9767  -1.6771 
  4.9768  -1.6776 
  4.9769  -1.6780 
  4.9773  -1.6805 
  4.9793  -1.6854 
  4.9835  -1.6859 
  4.9840  -1.6882 
  4.9859  -1.6895 
  4.9869  -1.6915 
  4.9887  -1.6931 
  4.9900  -1.6977 
  4.9939  -1.6984 
  4.9946  -1.7060 
  5.0010  -1.7098 
  5.0043  -1.7105 
  5.0049  -1.7110 
  5.0053  -1.7132 
  5.0071  -1.7152 
  5.0088  -1.7224 
  5.0157  -1.7229 
  5.0158  -1.7234 
  5.0158  -1.7264 
  5.0184  -1.7275 
  5.0193  -1.7360 
  5.0265  -1.7376 
  5.0279  -1.7390 
  5.0290  -1.7400 
  5.0301  -1.7405 
  5.0307  -1.7410 
  5.0308  -1.7448 
  5.0340  -1.7493 
  5.0379  -1.7499 
  5.0383  -1.7506 
  5.0389  -1.7517 
  5.0398  -1.7525 
  5.0405  -1.7545 
  5.0422  -1.7557 
  5.0432  -1.7624 
  5.0489  -1.7712 
  5.0566  -1.7718 
  5.0569  -1.7784 
  5.0625  -1.7798 
  5.0637  -1.7819 
  5.0654  -1.7832 
  5.0666  -1.7854 
  5.0685  -1.7965 
  5.0785  -1.7971 
  5.0786  -1.7977 
  5.0789  -1.8048 
  5.0849  -1.8112 
  5.0904  -1.8174 
  5.0956  -1.8185 
  5.0967  -1.8191 
  5.0971  -1.8203 
  5.0981  -1.8217 
  5.0997  -1.8223 
  5.1003  -1.8230 
  5.1004  -1.8282 
  5.1048  -1.8304 
  5.1067  -1.8314 
  5.1079  -1.8321 
  5.1081  -1.8329 
  5.1089  -1.8355 
  5.1110  -1.8371 
  5.1124  -1.8386 
  5.1137  -1.8424 
  5.1169  -1.8432 
  5.1176  -1.8447 
  5.1190  -1.8454 
  5.1194  -1.8465 
  5.1205  -1.8472 
  5.1210  -1.8489 
  5.1224  -1.8513 
  5.1245  -1.8564 
  5.1288  -1.8581 
  5.1303  -1.8588 
  5.1308  -1.8629 
  5.1343  -1.8674 
  5.1381  -1.8806 
  5.1494  -1.8872 
  5.1549  -1.8885 
  5.1560  -1.8920 
  5.1590  -1.8964 
  5.1633  -1.8972 
  5.1634  -1.9017 
  5.1672  -1.9094 
  5.1743  -1.9102 
  5.1745  -1.9137 
  5.1775  -1.9178 
  5.1809  -1.9192 
  5.1821  -1.9316 
  5.1927  -1.9359 
  5.1963  -1.9373 
  5.1975  -1.9398 
  5.1996  -1.9417 
  5.2016  -1.9426 
  5.2020  -1.9455 
  5.2045  -1.9509 
  5.2100  -1.9518 
  5.2104  -1.9526 
  5.2106  -1.9535 
  5.2112  -1.9584 
  5.2160  -1.9593 
  5.2162  -1.9715 
  5.2265  -1.9761 
  5.2307  -1.9770 
  5.2312  -1.9827 
  5.2361  -1.9843 
  5.2375  -1.9900 
  5.2423  -1.9982 
  5.2497  -1.9991 
  5.2501  -2.0056 
  5.2555  -2.0081 
  5.2580  -2.0091 
  5.2585  -2.0106 
  5.2598  -2.0228 
  5.2702  -2.0249 
  5.2719  -2.0278 
  5.2744  -2.0290 
  5.2754  -2.0401 
  5.2849  -2.0423 
  5.2873  -2.0434 
  5.2876  -2.0450 
  5.2890  -2.0473 
  5.2910  -2.0502 
  5.2949  -2.0513 
  5.2960  -2.0524 
  5.2965  -2.0535 
  5.2968  -2.0545 
  5.2971  -2.0602 
  5.3020  -2.0642 
  5.3054  -2.0659 
  5.3068  -2.0733 
  5.3131  -2.0806 
  5.3207  -2.0817 
  5.3212  -2.0829 
  5.3220  -2.0840 
  5.3222  -2.0888 
  5.3263  -2.0980 
  5.3341  -2.1023 
  5.3376  -2.1099 
  5.3441  -2.1142 
  5.3478  -2.1176 
  5.3507  -2.1247 
  5.3567  -2.1276 
  5.3596  -2.1289 
  5.3604  -2.1344 
  5.3650  -2.1377 
  5.3678  -2.1421 
  5.3715  -2.1462 
  5.3749  -2.1538 
  5.3814  -2.1565 
  5.3838  -2.1604 
  5.3877  -2.1618 
  5.3884  -2.1632 
  5.3894  -2.1893 
  5.4116  -2.1909 
  5.4130  -2.1986 
  5.4201  -2.2001 
  5.4208  -2.2053 
  5.4261  -2.2069 
  5.4266  -2.2132 
  5.4319  -2.2263 
  5.4430  -2.2304 
  5.4466  -2.2406 
  5.4564  -2.2423 
  5.4567  -2.2564 
  5.4686  -2.2634 
  5.4746  -2.2691 
  5.4794  -2.2728 
  5.4826  -2.2774 
  5.4865  -2.2796 
  5.4924  -2.2814 
  5.4926  -2.2832 
  5.4948  -2.2851 
  5.4955  -2.2869 
  5.4957  -2.2888 
  5.4961  -2.2909 
  5.4986  -2.2927 
  5.5016  -2.2946 
  5.5030  -2.2965 
  5.5031  -2.2984 
  5.5043  -2.3050 
  5.5098  -2.3079 
  5.5125  -2.3098 
  5.5145  -2.3118 
  5.5156  -2.3166 
  5.5197  -2.3204 
  5.5230  -2.3295 
  5.5308  -2.3317 
  5.5326  -2.3338 
  5.5366  -2.3359 
  5.5383  -2.3380 
  5.5389  -2.3401 
  5.5398  -2.3422 
  5.5415  -2.3486 
  5.5469  -2.3507 
  5.5487  -2.3561 
  5.5538  -2.3583 
  5.5552  -2.3620 
  5.5583  -2.3685 
  5.5639  -2.3744 
  5.5698  -2.3767 
  5.5707  -2.4082 
  5.5975  -2.4126 
  5.6040  -2.4151 
  5.6056  -2.4176 
  5.6056  -2.4206 
  5.6081  -2.4345 
  5.6199  -2.4390 
  5.6238  -2.4440 
  5.6298  -2.4467 
  5.6303  -2.4699 
  5.6518  -2.4727 
  5.6525  -2.4840 
  5.6619  -2.4914 
  5.6682  -2.4998 
  5.6755  -2.5130 
  5.6897  -2.5162 
  5.6912  -2.5193 
  5.6919  -2.5924 
  5.7543  -2.6019 
  5.7623  -2.6363 
  5.7913  -2.6660 
  5.8166  -2.6713 
  5.8212  -2.6777 
  5.8264  -2.7021 
  5.8473  -2.7550 
  5.8921  -2.7644 
  5.9001  -2.7850 
  5.9177  -2.8109 
  5.9397  -2.8715 
  5.9912  -2.9556 
  6.0699  -2.9643 
  6.0702  -3.0490 
  6.1497  -3.0599 
  6.1510  -3.1329 
  6.2132  -3.4405 
