19 75 3
19 80 3
19 80 3
19 83 3
19 84 3
19 95 3
19 99 1
19 103 3
19 104 1
19 104 2
19 105 3
19 105 3
19 106 3
19 107 3
19 110 2
19 110 3
19 114 2
19 115 2
19 115 3
19 116 3
19 116 3
19 117 2
19 117 2
19 117 3
19 117 3
19 119 3
19 123 2
19 125 2
19 125 3
19 127 3
19 127 3
19 129 2
19 129 3
19 131 3
19 132 3
19 133 2
19 135 2
19 136 3
19 137 2
19 137 2
19 137 3
18 137 3
18 138 3
18 140 3
18 142 3
18 144 1
18 145 1
18 146 3
18 147 1
18 147 3
18 147 3
18 148 3
18 149 2
18 149 3
18 150 3
18 150 3
18 151 3
18 151 3
18 152 2
18 153 2
18 153 3
18 154 1
18 155 3
18 156 2
18 156 3
18 158 2
18 158 3
18 160 3
18 161 1
18 161 1
18 162 3
18 164 2
18 164 3
18 165 3
18 165 3
18 165 3
18 166 1
18 168 2
18 169 2
18 169 3
18 170 3
18 171 2
18 175 3
18 176 3
18 178 3
18 181 2
18 181 3
18 182 1
18 184 2
18 184 2
18 184 3
18 185 2
18 186 2
18 187 2
18 187 3
18 188 2
18 188 3
18 188 3
18 188 3
18 189 2
18 189 3
18 191 1
18 191 3
18 191 3
18 192 3
18 195 1
18 195 2
18 196 2
18 196 3
18 196 3
18 196 3
18 197 1
18 198 2
18 198 3
18 200 3
18 201 1
18 201 2
18 203 2
18 203 2
18 204 3
18 204 3
18 206 1
18 206 3
18 206 3
18 208 3
18 209 3
18 210 1
18 211 1
18 211 3
18 211 3
18 211 3
18 211 3
18 212 3
18 214 2
18 215 3
18 217 1
18 217 1
18 219 3
18 221 3
18 222 1
18 222 2
18 222 3
18 223 3
18 225 3
18 229 2
18 231 3
18 231 3
18 232 2
18 232 2
18 233 3
18 234 3
18 234 3
18 235 2
18 235 3
18 237 3
18 238 2
18 238 2
18 239 3
18 240 2
18 242 3
18 244 1
18 244 3
18 244 3
18 248 1
18 249 2
18 250 1
18 250 1
17 250 3
17 251 2
17 252 1
17 254 2
17 255 1
17 256 1
17 257 2
17 257 3
17 259 2
17 260 3
17 260 3
17 262 3
17 263 3
17 263 3
17 264 2
17 264 2
17 264 2
17 264 3
17 265 2
17 266 3
17 267 3
17 269 2
17 269 3
17 271 1
17 272 1
17 272 3
17 273 3
17 274 2
17 274 3
17 276 2
17 276 3
17 276 3
17 277 3
17 279 1
17 280 1
17 280 1
17 280 1
17 280 2
17 283 2
17 286 3
17 288 1
17 288 1
17 290 1
17 290 1
17 290 2
17 292 1
17 292 2
17 292 2
17 293 3
17 294 1
17 295 1
17 296 2
17 296 2
17 297 1
17 298 3
17 299 3
17 299 3
17 300 1
17 300 2
17 300 3
17 304 3
17 306 1
17 307 2
17 307 2
17 307 3
17 308 2
17 309 2
17 309 3
17 310 3
17 310 3
17 311 3
17 312 1
17 312 2
17 313 3
17 313 3
17 314 3
17 315 1
17 315 3
17 317 2
17 318 3
17 318 3
17 318 3
17 319 2
17 319 3
17 320 2
17 321 1
17 321 1
17 321 2
17 321 3
17 321 3
17 323 1
17 323 3
17 325 2
17 325 3
17 326 1
17 326 3
17 327 1
17 327 2
17 327 3
17 328 1
17 328 2
17 329 3
17 330 1
17 330 3
17 330 3
17 332 1
17 333 3
17 334 1
17 335 3
17 336 1
17 336 1
17 340 3
17 341 3
17 341 3
17 342 1
17 343 2
17 346 2
17 348 1
17 348 3
17 349 3
17 353 1
17 354 1
17 355 1
17 356 1
17 357 3
17 359 3
17 360 1
17 360 3
17 360 3
17 362 1
17 363 2
17 366 2
17 368 2
17 372 1
17 372 2
17 372 2
17 372 3
17 372 3
17 373 3
17 373 3
50000 374 1
17 374 1
19 379 1
17 379 2
17 379 3
19 380 3
19 381 1
17 381 2
17 381 2
17 381 3
19 382 1
16 382 2
19 383 2
16 383 3
19 384 1
19 385 3
16 385 3
19 386 2
19 390 3
19 391 3
19 392 1
16 392 1
16 392 3
19 393 2
16 393 2
16 393 3
19 394 1
16 394 2
19 395 2
16 395 2
16 395 3
19 397 2
16 397 3
19 398 1
16 398 3
16 398 3
19 400 2
16 400 3
19 401 1
19 402 1
16 402 1
16 402 2
19 403 1
16 403 1
16 403 2
16 403 3
16 403 3
19 404 1
19 406 2
19 407 1
16 407 1
19 408 1
16 408 3
19 409 1
16 409 3
19 411 1
16 411 2
19 413 1
16 413 2
16 413 3
19 414 1
16 414 1
16 414 1
16 414 3
16 414 3
19 415 2
16 415 3
19 416 1
16 416 3
16 416 3
16 416 3
16 416 3
19 417 1
16 417 2
16 417 3
19 418 3
19 420 1
16 420 2
19 422 2
16 422 2
16 422 3
16 422 3
19 424 1
16 424 2
19 425 3
16 425 3
16 425 3
19 426 1
19 428 2
19 429 3
19 430 1
16 430 2
19 431 1
16 431 3
19 434 1
19 435 3
16 435 3
16 435 3
19 436 2
19 438 2
16 438 2
16 438 3
16 438 3
19 439 1
16 439 1
19 441 1
16 441 1
16 441 1
16 441 3
16 441 3
19 442 2
16 442 3
19 444 3
19 446 1
16 446 2
19 447 3
19 449 3
19 450 2
16 450 3
19 452 2
16 452 2
16 452 3
19 453 3
16 453 3
19 455 2
16 455 3
19 460 2
19 461 2
19 462 1
19 463 2
16 463 3
19 465 1
16 465 2
16 465 2
16 465 3
19 466 1
16 466 2
16 466 3
19 467 2
16 467 3
19 468 3
19 469 2
16 469 3
19 470 3
19 471 1
16 471 3
19 472 1
19 473 2
19 474 1
16 474 3
19 475 1
19 476 2
19 477 1
16 477 1
16 477 3
16 477 3
20 478 2
20 479 1
20 481 3
16 481 3
20 482 2
20 484 3
20 486 1
16 486 3
16 486 3
20 487 2
20 488 1
16 488 1
16 488 3
20 489 1
16 489 2
20 490 2
16 490 3
20 491 1
16 491 1
16 491 3
16 491 3
20 492 3
20 493 1
20 496 1
16 496 3
16 496 3
20 497 1
20 499 3
20 502 1
16 502 2
16 502 2
16 502 3
20 504 2
16 504 2
20 505 2
16 505 3
20 506 1
16 506 2
16 506 3
20 507 1
16 507 3
20 508 1
16 508 3
20 509 1
20 510 2
20 511 2
16 511 2
20 512 2
16 512 3
20 513 1
20 514 2
20 515 1
16 515 3
20 516 2
16 516 2
20 517 2
16 517 2
20 518 3
20 520 1
16 520 2
16 520 3
20 521 2
16 521 2
16 521 3
20 522 1
20 524 1
16 524 2
16 524 3
20 525 1
16 525 2
20 527 2
20 528 2
20 529 3
20 531 1
16 531 2
20 532 1
16 532 1
16 532 2
16 532 3
20 533 3
20 534 2
20 535 2
16 535 3
20 536 2
20 537 3
20 538 3
16 538 3
20 539 3
20 540 2
16 540 3
20 541 3
20 542 3
20 543 3
20 544 2
20 545 1
20 546 3
20 547 1
16 547 1
16 547 3
20 549 2
16 549 3
20 550 3
20 551 2
16 551 3
16 551 3
16 551 3
20 552 1
16 552 3
16 552 3
20 554 2
20 555 3
20 557 1
16 557 2
20 558 1
16 558 2
20 560 2
16 560 3
20 564 3
20 565 1
16 565 2
16 565 2
20 566 1
16 566 2
20 567 2
16 567 3
16 567 3
20 569 3
20 570 1
20 571 3
20 572 3
20 574 3
16 574 3
20 575 2
20 576 1
16 576 1
20 579 2
16 579 2
20 580 1
16 580 1
16 580 2
20 583 2
16 583 3
20 584 1
20 585 2
20 586 1
16 586 3
16 586 3
20 587 1
16 587 2
20 589 1
16 589 1
16 589 2
20 591 1
20 592 1
16 592 2
16 592 2
20 593 1
16 593 1
20 595 1
16 595 3
20 596 1
20 597 3
16 597 3
20 599 1
20 601 3
20 603 3
20 604 1
16 604 3
20 606 3
16 606 3
20 607 2
16 607 3
20 608 1
20 609 2
20 610 1
16 610 3
16 610 3
20 611 3
20 612 1
16 612 3
20 613 1
20 614 2
16 614 3
20 615 1
16 615 2
16 615 3
20 616 2
20 617 1
16 617 1
16 617 3
16 617 3
20 619 3
20 620 3
21 621 3
21 622 2
16 622 2
21 623 2
21 625 3
21 626 1
21 627 1
21 628 3
21 629 3
21 630 2
21 631 2
16 631 3
16 631 3
21 633 1
21 637 3
21 638 1
16 638 1
16 638 3
16 638 3
21 639 2
21 640 1
16 640 1
16 640 3
21 641 1
21 643 3
21 644 3
21 645 2
21 646 3
21 647 3
21 648 1
16 648 3
21 650 3
21 651 1
15 651 3
21 653 1
15 653 2
15 654 1
15 654 3
15 655 1
15 656 2
15 656 3
15 656 3
15 657 2
15 658 1
15 659 3
15 659 3
15 660 3
15 660 3
15 661 1
15 662 2
15 664 1
15 665 1
15 665 1
15 666 1
15 667 1
15 668 2
15 668 2
15 668 3
15 668 3
15 669 2
15 670 1
15 672 1
15 673 2
15 673 2
15 673 3
15 675 2
15 676 1
15 676 1
15 676 1
15 676 1
15 680 1
15 680 3
15 681 2
15 682 2
15 682 3
15 684 3
15 685 2
15 685 3
15 687 1
15 687 1
15 687 2
15 689 1
15 690 2
15 691 1
15 691 1
15 692 1
15 692 3
15 696 1
15 696 2
15 697 2
15 698 1
15 698 2
15 698 2
15 699 1
15 699 2
15 699 3
15 699 3
15 700 1
15 700 2
15 700 2
15 700 2
15 701 3
15 702 1
15 702 3
15 703 1
15 706 3
15 708 1
15 709 2
15 709 3
15 709 3
15 710 1
15 711 3
15 714 2
15 717 1
15 717 3
15 718 2
15 719 2
15 719 3
15 720 1
15 721 3
15 722 2
15 722 3
15 723 3
15 724 2
15 724 2
15 725 1
15 725 1
15 726 2
15 726 3
15 727 1
15 728 2
15 728 2
15 730 3
15 731 2
15 733 3
15 733 3
15 734 1
15 734 1
15 734 2
15 734 2
15 735 1
15 738 3
15 738 3
15 739 1
15 739 2
15 740 1
15 740 3
15 740 3
15 742 3
15 742 3
15 743 1
15 746 1
15 746 3
15 747 2
15 747 2
15 748 2
15 749 3
15 749 3
15 749 3
15 754 2
15 756 1
15 757 1
15 757 1
15 758 1
15 758 3
15 759 2
15 761 1
15 762 2
15 764 2
15 765 2
15 765 2
15 765 3
15 766 1
15 767 1
15 767 3
15 768 1
15 768 1
15 768 1
15 768 3
15 769 1
15 769 2
15 770 1
15 771 1
15 771 1
15 771 2
15 772 2
15 773 1
15 773 2
15 773 3
15 774 2
15 774 2
15 774 3
15 776 2
15 777 3
15 777 3
15 779 3
15 781 1
15 781 2
15 781 2
15 781 2
15 781 3
15 782 1
15 782 3
15 783 1
15 783 1
15 784 3
15 786 1
15 787 1
15 789 3
15 790 3
15 791 3
25000 793 3
21 794 1
15 794 2
21 795 1
15 795 1
21 797 1
21 798 2
15 798 3
15 798 3
21 800 3
21 801 1
15 801 1
15 801 2
15 801 3
21 802 1
15 802 3
21 804 1
15 804 1
21 806 3
21 808 3
21 809 3
21 811 2
21 812 1
21 813 3
21 815 1
15 815 2
15 815 2
21 816 1
21 821 1
21 822 3
15 822 3
21 825 1
15 825 2
15 825 3
21 827 1
15 827 2
21 830 1
15 830 2
21 831 1
21 833 1
14 833 1
21 835 1
14 835 2
14 835 2
21 836 2
21 837 2
14 837 2
21 838 3
14 838 3
21 839 2
21 840 2
21 841 1
21 842 1
21 844 3
21 846 1
14 846 2
14 846 3
21 847 1
21 849 1
21 850 3
21 853 1
21 854 1
21 855 1
14 855 1
14 855 1
14 855 2
21 856 1
14 856 3
21 857 3
21 858 1
14 858 3
14 858 3
14 858 3
21 859 2
14 859 3
21 860 1
14 860 2
14 860 3
21 863 1
14 863 3
14 863 3
21 864 3
21 865 3
21 867 2
14 867 3
14 867 3
21 868 1
14 868 1
21 869 1
21 870 1
14 870 2
14 870 3
21 871 1
14 871 3
21 872 1
14 872 3
21 873 2
21 874 2
21 875 2
21 876 1
14 876 2
14 876 3
14 876 3
21 877 3
21 878 1
14 878 3
21 879 1
14 879 3
21 883 1
21 884 2
21 885 3
21 886 1
14 886 1
14 886 3
21 888 1
21 889 3
21 890 2
21 891 1
14 891 1
14 891 2
14 891 3
21 892 2
14 892 2
21 893 1
14 893 2
21 894 1
14 894 2
14 894 3
22 895 3
14 895 3
14 895 3
22 896 1
14 896 1
14 896 1
14 896 1
14 896 3
22 897 2
22 899 2
22 900 1
14 900 1
22 901 1
14 901 2
22 902 1
14 902 1
22 903 2
22 904 1
14 904 1
22 908 1
14 908 2
14 908 3
22 910 1
14 910 3
22 911 1
14 911 1
22 913 1
14 913 3
22 914 1
14 914 2
14 914 3
22 916 1
22 917 3
22 919 1
22 920 3
22 922 1
14 922 1
14 922 2
22 923 3
22 924 1
14 924 3
14 924 3
22 925 2
14 925 3
14 925 3
14 925 3
22 926 2
14 926 2
22 927 2
14 927 2
22 929 1
14 929 2
14 929 2
22 930 1
22 931 3
22 932 1
14 932 2
14 932 3
22 933 3
22 934 2
14 934 2
22 936 3
22 937 1
22 939 1
22 940 1
14 940 3
22 941 1
22 942 2
22 948 2
14 948 2
22 950 2
22 951 1
14 952 1
14 953 1
14 953 1
14 953 2
14 954 3
14 955 1
14 955 2
14 956 2
14 957 1
14 957 1
14 957 2
14 957 2
14 958 2
14 959 1
14 963 3
14 964 1
14 964 3
14 964 3
14 966 2
14 966 3
14 967 2
14 968 1
14 968 2
14 968 2
14 968 3
14 969 1
14 969 1
14 969 3
14 970 2
14 971 1
14 971 2
14 971 2
14 972 2
14 973 2
14 974 1
14 975 1
14 976 1
14 976 2
14 976 3
14 978 2
14 978 2
14 980 3
14 983 1
14 984 1
14 984 2
14 984 3
14 986 2
14 988 2
14 988 2
14 989 2
14 989 3
14 990 2
14 990 3
14 991 1
14 991 3
14 992 1
14 992 2
14 994 1
14 994 3
14 995 1
14 995 2
14 995 2
14 996 2
14 996 2
14 997 1
14 998 2
14 999 1
14 1000 1
14 1000 1
14 1000 1
14 1000 2
14 1002 1
14 1003 3
14 1006 1
14 1006 3
14 1008 3
14 1009 1
14 1011 2
14 1011 2
14 1011 2
14 1013 2
14 1014 3
14 1015 2
14 1017 1
14 1017 3
14 1019 1
14 1019 1
14 1019 3
14 1019 3
14 1021 2
14 1022 2
14 1023 1
14 1024 1
14 1024 2
14 1024 2
14 1024 3
14 1028 1
14 1029 3
14 1030 1
14 1030 1
14 1030 2
14 1030 3
14 1031 3
14 1032 3
14 1034 1
14 1034 1
14 1034 2
14 1034 2
14 1035 3
14 1036 1
14 1037 1
14 1037 2
14 1038 2
14 1041 1
14 1042 2
14 1042 2
14 1043 1
14 1043 1
14 1044 2
14 1044 2
14 1046 1
14 1047 2
14 1047 2
14 1048 1
14 1048 2
14 1048 3
14 1049 1
14 1049 2
14 1049 3
14 1050 3
14 1050 3
14 1051 1
14 1051 2
14 1051 2
14 1052 2
14 1053 1
14 1053 3
14 1054 3
14 1055 3
14 1056 3
14 1057 2
16666 1059 1
14 1059 2
22 1061 1
22 1063 3
14 1063 3
22 1064 2
22 1065 1
22 1066 3
22 1067 2
14 1067 3
14 1067 3
22 1074 1
14 1074 1
22 1075 1
14 1075 2
22 1076 1
14 1076 2
22 1077 1
14 1077 1
22 1078 1
14 1078 3
14 1078 3
22 1080 1
14 1080 3
22 1083 1
13 1083 1
22 1084 1
13 1084 2
22 1085 1
22 1086 1
13 1086 3
22 1090 1
13 1090 2
22 1093 1
22 1094 3
22 1095 1
13 1095 3
22 1096 1
13 1096 2
22 1098 2
22 1099 1
22 1100 1
22 1101 1
13 1101 2
13 1101 2
13 1101 2
22 1102 2
22 1104 1
22 1105 3
22 1108 1
13 1108 2
22 1109 2
13 1109 3
22 1112 1
22 1113 1
13 1113 3
22 1114 2
22 1115 3
22 1117 1
22 1118 1
13 1118 3
22 1120 3
22 1121 2
13 1121 3
13 1121 3
22 1122 1
13 1122 1
13 1122 3
13 1122 3
22 1123 1
13 1123 3
13 1123 3
22 1124 1
13 1124 2
13 1124 2
22 1126 2
22 1127 3
22 1128 2
23 1130 1
13 1130 3
23 1134 1
13 1134 2
13 1134 2
23 1137 2
23 1138 1
13 1138 1
13 1138 3
23 1139 1
13 1139 2
23 1141 2
23 1142 1
13 1142 2
23 1143 2
13 1143 2
23 1144 1
13 1144 3
23 1145 1
23 1147 2
13 1147 3
13 1147 3
23 1150 2
23 1151 1
13 1151 1
13 1151 2
23 1153 1
13 1153 2
23 1154 1
13 1154 3
23 1156 2
23 1157 2
23 1158 2
23 1159 1
13 1159 2
13 1159 2
23 1160 1
23 1162 2
23 1163 1
13 1163 3
23 1164 1
23 1170 1
13 1170 3
23 1171 2
13 1171 3
23 1172 1
13 1172 3
23 1173 1
13 1173 2
13 1173 2
23 1174 3
23 1175 1
13 1175 3
23 1176 2
13 1176 2
13 1179 2
13 1181 2
13 1182 3
13 1182 3
13 1183 3
13 1188 1
13 1188 1
13 1188 3
13 1189 3
13 1189 3
13 1190 1
13 1192 2
13 1192 3
13 1192 3
13 1193 2
13 1193 2
13 1195 3
13 1196 3
13 1197 2
13 1197 3
13 1199 1
13 1199 3
13 1200 3
13 1201 2
13 1201 2
13 1202 2
13 1202 3
13 1202 3
13 1203 1
13 1204 3
13 1205 1
13 1205 1
13 1208 1
13 1209 1
13 1211 2
13 1214 2
13 1216 1
13 1222 2
13 1223 3
13 1225 1
13 1225 1
13 1225 3
13 1226 1
13 1228 3
13 1229 3
13 1234 3
13 1235 2
13 1238 1
13 1239 1
13 1239 2
13 1241 2
13 1241 3
13 1241 3
10000 1242 2
23 1243 3
13 1243 3
23 1245 1
23 1248 1
13 1248 3
23 1249 1
13 1249 2
13 1249 2
23 1250 1
13 1250 3
23 1251 2
23 1253 2
23 1254 2
23 1256 2
23 1257 1
23 1258 3
23 1259 2
23 1260 3
23 1261 1
13 1261 2
23 1262 1
13 1262 2
13 1262 3
13 1262 3
23 1263 3
23 1264 1
23 1265 2
23 1266 3
23 1267 1
23 1269 3
13 1269 3
23 1270 1
23 1273 1
23 1274 2
13 1274 3
23 1276 1
13 1276 1
23 1278 1
13 1278 3
23 1279 1
13 1279 1
13 1279 1
23 1280 1
13 1280 2
13 1280 3
23 1281 1
13 1281 2
23 1282 1
23 1283 1
23 1284 1
23 1285 1
23 1286 2
13 1286 3
23 1288 1
13 1288 2
13 1288 2
23 1289 1
23 1290 3
23 1291 1
23 1292 2
13 1292 3
23 1294 1
13 1294 2
23 1295 2
23 1298 1
23 1301 2
23 1303 1
13 1303 2
24 1304 1
13 1304 3
24 1305 2
24 1307 2
24 1308 1
13 1308 3
24 1309 2
13 1309 3
24 1310 3
24 1312 3
24 1314 1
24 1315 1
13 1315 1
13 1315 2
13 1315 2
24 1316 1
13 1316 1
13 1316 2
24 1317 3
24 1319 1
24 1320 1
24 1322 1
13 1325 2
13 1325 3
13 1326 1
13 1328 1
13 1328 1
13 1330 1
13 1331 1
13 1331 3
13 1333 3
13 1337 1
13 1337 2
13 1339 2
13 1339 2
13 1339 3
13 1341 1
13 1341 1
13 1342 3
13 1345 1
13 1346 1
13 1349 3
13 1350 2
13 1352 2
13 1352 2
13 1352 3
13 1355 1
13 1356 1
13 1357 1
13 1359 3
13 1363 2
13 1364 3
13 1366 3
13 1367 2
13 1368 2
13 1371 1
13 1371 1
13 1371 1
13 1371 2
13 1373 1
13 1373 2
13 1373 3
13 1373 3
13 1374 2
13 1375 1
13 1375 1
13 1375 1
13 1376 2
13 1377 1
13 1377 2
13 1379 2
13 1379 2
13 1379 2
13 1380 2
8333 1381 3
24 1382 3
24 1384 2
13 1384 3
24 1385 1
13 1385 1
13 1385 3
24 1386 1
24 1387 1
13 1387 2
24 1390 1
13 1390 1
13 1390 1
24 1393 3
13 1393 3
24 1395 2
24 1396 3
24 1398 1
24 1400 1
13 1400 1
13 1400 1
24 1401 3
24 1403 3
24 1404 2
24 1411 1
13 1411 2
24 1412 1
24 1413 3
24 1414 1
24 1415 1
24 1417 3
13 1417 3
24 1419 1
13 1419 2
24 1420 1
24 1421 1
13 1421 2
24 1422 2
24 1423 1
13 1423 2
24 1424 2
24 1425 3
13 1425 3
24 1426 1
24 1428 1
24 1429 1
13 1429 2
24 1433 1
24 1434 1
13 1434 2
13 1434 2
24 1435 2
13 1435 3
24 1436 2
24 1437 3
24 1438 2
24 1439 2
13 1439 3
13 1439 3
24 1440 3
24 1441 1
24 1442 1
24 1443 2
24 1445 2
13 1445 3
24 1447 2
13 1447 3
24 1448 1
13 1448 2
24 1449 3
24 1450 1
24 1452 1
13 1453 2
13 1454 2
13 1457 2
13 1457 2
13 1458 1
13 1459 1
13 1459 2
13 1460 1
13 1460 1
13 1461 1
13 1463 2
13 1464 2
13 1465 1
13 1465 2
13 1468 1
13 1469 1
13 1470 2
13 1473 1
13 1474 3
13 1475 1
13 1475 2
13 1475 3
13 1477 2
13 1479 3
13 1481 1
13 1482 1
13 1483 3
13 1483 3
13 1485 3
13 1486 1
13 1486 3
13 1487 1
13 1487 2
13 1489 2
13 1492 1
13 1496 1
13 1496 1
13 1496 2
13 1496 3
13 1496 3
13 1497 2
13 1497 2
13 1499 1
13 1500 1
13 1501 1
13 1501 1
13 1501 3
13 1504 2
7142 1505 1
13 1505 1
24 1509 1
13 1509 1
24 1510 1
13 1510 3
24 1513 1
25 1514 3
25 1519 2
25 1521 2
25 1524 2
12 1524 2
25 1525 1
25 1527 2
12 1527 3
25 1528 2
25 1529 1
12 1529 2
25 1530 2
25 1532 1
25 1533 1
25 1534 1
12 1534 1
12 1534 1
12 1534 1
25 1535 2
25 1536 1
25 1537 1
25 1538 1
12 1538 2
12 1538 2
12 1538 2
25 1541 3
25 1542 3
25 1543 1
25 1544 1
12 1544 3
25 1548 3
25 1550 1
12 1550 3
25 1552 3
25 1553 1
25 1554 2
25 1555 1
25 1556 1
25 1557 1
12 1557 2
25 1558 2
25 1561 1
25 1562 1
12 1562 1
25 1563 2
12 1563 3
25 1565 1
12 1565 1
25 1568 1
12 1568 2
12 1568 3
25 1569 2
12 1572 3
12 1574 3
12 1575 1
12 1576 1
12 1579 2
12 1580 1
12 1580 3
12 1582 1
12 1583 2
12 1584 1
12 1584 2
12 1585 1
12 1589 3
12 1589 3
12 1590 1
12 1590 1
12 1592 3
12 1593 1
12 1595 1
12 1595 2
12 1596 2
12 1597 2
12 1597 3
12 1599 3
12 1601 2
12 1606 2
12 1607 1
12 1609 3
12 1611 1
12 1611 1
12 1612 1
12 1612 3
12 1614 1
12 1614 3
12 1615 3
12 1616 2
6250 1618 1
25 1620 3
25 1621 3
25 1622 3
12 1622 3
25 1623 2
25 1624 3
25 1625 2
25 1626 1
25 1628 2
12 1628 3
25 1629 1
25 1631 2
12 1631 3
12 1631 3
25 1636 1
12 1636 1
25 1637 2
12 1637 2
25 1638 1
25 1639 3
25 1640 1
25 1642 2
25 1643 2
25 1644 2
12 1644 3
12 1644 3
25 1645 1
12 1645 1
12 1645 1
25 1647 2
12 1647 3
25 1648 1
25 1652 2
25 1654 1
12 1654 1
25 1657 2
26 1658 1
26 1660 3
26 1662 2
26 1665 2
26 1669 1
26 1670 1
12 1670 2
26 1671 1
26 1672 3
26 1673 2
26 1675 2
12 1675 3
26 1676 1
12 1678 1
12 1679 1
12 1679 2
12 1681 1
12 1682 1
12 1683 2
12 1683 3
12 1683 3
12 1684 1
12 1685 2
12 1685 3
12 1687 2
12 1688 1
12 1688 3
12 1691 3
12 1695 2
12 1696 1
12 1696 1
12 1696 3
12 1699 2
12 1700 2
12 1702 1
12 1702 3
12 1703 1
12 1705 2
12 1705 2
12 1706 2
12 1708 3
12 1709 1
12 1709 1
12 1712 1
12 1714 3
12 1717 1
12 1719 1
12 1719 1
12 1722 2
5555 1723 2
26 1725 1
12 1725 3
26 1727 2
26 1729 1
12 1729 3
26 1730 2
12 1730 2
12 1730 2
26 1736 1
12 1736 2
26 1737 2
26 1738 2
26 1739 1
26 1742 3
26 1745 2
12 1745 2
26 1746 2
26 1747 1
12 1747 2
26 1749 3
12 1749 3
26 1751 3
26 1752 2
12 1752 3
26 1755 1
12 1755 1
26 1758 1
12 1758 2
26 1759 1
26 1760 2
12 1760 2
26 1761 1
12 1761 2
26 1763 2
26 1765 1
12 1765 2
12 1765 3
26 1769 1
12 1769 1
12 1769 3
26 1772 3
26 1773 1
12 1773 3
26 1775 3
26 1776 2
12 1778 1
12 1780 3
12 1785 1
12 1786 1
12 1787 3
12 1788 1
12 1790 2
12 1791 2
12 1793 1
12 1793 2
12 1793 3
12 1794 1
12 1794 2
12 1797 1
12 1799 2
12 1800 2
12 1800 3
12 1802 1
12 1806 1
12 1807 1
12 1810 3
12 1810 3
12 1811 2
12 1811 2
12 1813 1
12 1813 3
12 1813 3
12 1814 1
12 1814 2
12 1815 3
5000 1820 1
26 1823 2
26 1826 1
12 1826 2
26 1830 1
12 1830 1
12 1830 2
26 1832 1
26 1833 2
26 1837 3
26 1838 1
12 1838 1
26 1842 1
12 1842 1
12 1842 2
12 1842 3
26 1844 3
26 1845 3
26 1848 2
26 1850 1
26 1853 2
26 1855 1
12 1855 3
26 1857 2
26 1861 2
26 1862 1
12 1862 3
26 1863 2
27 1866 1
12 1871 3
12 1872 1
12 1872 2
12 1874 1
12 1874 2
12 1875 1
12 1876 3
12 1877 2
12 1883 1
12 1883 2
12 1884 1
12 1885 2
12 1888 2
12 1891 2
12 1892 1
12 1892 2
12 1893 3
12 1895 3
12 1898 3
12 1899 1
12 1900 3
12 1901 1
4545 1903 1
12 1903 3
27 1909 2
27 1910 1
27 1915 2
12 1915 2
27 1916 1
27 1918 1
27 1922 1
27 1923 2
27 1925 1
27 1926 2
12 1926 3
27 1928 2
27 1930 3
27 1934 2
12 1934 2
27 1936 1
12 1936 2
27 1937 3
27 1938 2
27 1944 1
12 1944 1
12 1944 2
27 1945 1
27 1947 1
27 1949 3
27 1951 3
27 1952 1
12 1952 2
27 1953 1
12 1953 3
27 1954 2
12 1955 2
12 1958 1
12 1961 1
12 1962 1
12 1963 1
12 1965 3
12 1966 2
12 1967 2
12 1968 1
12 1969 1
12 1969 1
12 1973 2
12 1973 2
12 1975 2
12 1975 2
12 1977 1
12 1977 2
12 1978 1
12 1978 2
12 1979 1
12 1979 2
12 1979 2
12 1979 2
12 1981 2
12 1981 3
12 1985 1
12 1986 1
12 1986 3
12 1987 1
12 1990 2
12 1990 3
4166 1993 3
27 1996 2
27 1997 2
27 1998 2
27 1999 1
27 2002 1
27 2003 1
27 2006 2
27 2007 1
12 2007 1
12 2007 1
12 2007 2
12 2007 3
27 2009 2
27 2010 3
27 2011 2
12 2011 2
27 2012 2
12 2012 3
27 2015 1
12 2015 2
27 2016 1
12 2016 3
27 2017 2
27 2018 1
27 2019 1
27 2020 1
27 2022 2
27 2024 1
27 2026 2
27 2027 1
12 2027 3
27 2028 3
27 2031 2
27 2032 1
27 2034 1
12 2034 3
27 2037 2
27 2038 1
27 2039 1
27 2040 1
28 2041 1
12 2041 1
28 2042 1
12 2045 1
12 2046 2
12 2047 2
12 2047 3
12 2048 1
12 2048 3
12 2049 3
12 2050 3
12 2050 3
12 2051 1
12 2051 3
12 2053 1
12 2054 2
12 2055 1
12 2055 3
12 2056 2
12 2058 3
12 2060 2
12 2062 1
12 2062 1
12 2063 1
12 2069 2
12 2069 3
12 2074 1
12 2077 1
12 2081 1
3846 2082 1
28 2084 2
28 2086 2
28 2087 1
12 2087 2
28 2090 1
12 2090 1
12 2090 1
12 2090 2
28 2091 3
28 2092 2
28 2106 2
28 2107 1
28 2108 1
28 2109 3
12 2109 3
28 2111 2
12 2111 3
28 2113 2
12 2113 3
12 2113 3
28 2114 3
28 2115 1
28 2116 1
28 2117 1
28 2119 1
12 2119 1
12 2119 2
28 2120 1
28 2122 2
28 2123 2
12 2123 3
12 2123 3
12 2123 3
12 2128 1
12 2129 1
12 2131 2
12 2132 3
12 2133 2
12 2134 1
12 2134 3
12 2135 3
12 2136 2
12 2138 1
12 2147 2
12 2147 2
12 2150 2
12 2150 3
12 2151 1
12 2152 1
12 2152 1
12 2152 2
12 2153 1
12 2154 1
12 2157 1
12 2157 2
12 2158 2
12 2160 3
12 2161 1
3571 2163 1
28 2165 1
28 2168 2
28 2172 1
28 2175 1
12 2175 2
28 2176 3
28 2178 1
12 2178 3
28 2180 1
28 2183 2
28 2185 1
28 2187 2
12 2187 2
12 2187 3
28 2192 2
28 2194 1
28 2197 2
28 2198 2
28 2199 1
12 2199 3
28 2201 2
28 2203 2
28 2204 1
12 2205 1
12 2207 1
12 2209 2
12 2211 2
12 2212 2
11 2214 1
11 2215 1
11 2217 1
11 2218 1
11 2226 1
11 2227 2
11 2227 3
11 2228 1
11 2231 3
11 2234 1
11 2234 3
3333 2237 2
28 2239 1
28 2241 3
28 2243 1
28 2245 2
11 2245 3
28 2247 2
28 2248 2
28 2249 3
11 2249 3
28 2253 1
28 2254 1
28 2255 3
28 2257 3
29 2258 2
29 2259 1
29 2260 2
29 2261 1
29 2263 2
29 2265 1
11 2265 1
11 2265 2
29 2269 1
11 2269 2
29 2271 3
29 2276 2
11 2282 2
11 2283 2
11 2285 1
11 2287 2
11 2289 1
11 2291 2
11 2293 1
11 2293 3
11 2294 1
11 2295 2
11 2296 1
11 2297 1
11 2297 1
11 2299 2
11 2301 1
11 2303 1
11 2304 3
11 2307 2
11 2309 2
11 2309 3
11 2310 1
11 2310 3
3125 2312 2
11 2312 3
29 2314 2
29 2316 2
29 2319 1
29 2320 3
29 2324 3
29 2326 1
11 2326 2
29 2327 1
29 2328 2
11 2328 2
29 2329 1
11 2329 1
11 2329 3
29 2330 1
11 2330 2
29 2331 1
29 2332 1
11 2332 2
29 2333 1
11 2333 2
29 2337 2
29 2340 2
29 2341 2
29 2342 2
29 2343 1
29 2345 2
29 2347 3
29 2351 2
11 2359 2
11 2360 3
11 2364 3
11 2364 3
11 2365 1
11 2369 1
11 2369 2
11 2369 2
11 2369 2
11 2370 3
11 2371 2
11 2371 2
11 2373 3
11 2375 2
11 2375 2
11 2376 1
11 2376 2
11 2376 3
11 2378 3
11 2384 2
11 2384 2
11 2385 1
2941 2386 3
29 2390 3
29 2392 1
29 2399 2
11 2399 3
29 2402 3
29 2403 2
29 2404 2
29 2406 1
29 2407 1
11 2407 1
29 2408 2
29 2412 1
29 2413 2
29 2417 1
29 2420 2
29 2422 2
29 2423 3
29 2424 1
11 2424 1
11 2424 3
11 2424 3
11 2426 3
11 2428 1
11 2432 2
11 2435 2
11 2438 2
11 2438 2
11 2449 1
11 2451 2
11 2451 3
11 2452 1
11 2452 2
11 2452 2
11 2453 1
2777 2455 2
29 2456 1
29 2460 2
29 2461 1
11 2461 2
11 2461 3
30 2462 3
30 2466 1
11 2466 1
11 2466 1
11 2466 3
30 2467 3
30 2468 1
30 2471 2
30 2472 1
30 2473 2
30 2475 3
30 2479 1
11 2479 2
30 2482 1
11 2482 2
30 2484 1
11 2484 2
30 2487 2
30 2490 1
11 2490 1
30 2491 3
30 2492 1
11 2492 1
11 2492 3
30 2495 1
11 2495 2
30 2496 2
30 2497 2
11 2500 2
11 2502 1
11 2504 2
11 2506 1
11 2510 2
11 2513 3
11 2514 1
11 2514 2
11 2515 2
11 2515 2
11 2522 2
11 2524 2
2631 2525 2
30 2528 1
11 2528 3
30 2529 2
30 2530 1
11 2530 2
11 2530 3
30 2532 1
30 2533 1
30 2534 3
30 2538 3
30 2539 1
30 2540 1
11 2540 2
30 2541 3
30 2543 1
11 2543 3
11 2543 3
30 2545 1
30 2547 3
30 2551 1
11 2551 1
30 2553 1
11 2553 1
11 2553 3
30 2554 2
30 2556 3
30 2557 2
30 2559 1
30 2560 1
30 2562 2
30 2563 2
11 2563 3
30 2566 1
11 2566 3
30 2568 1
30 2571 2
11 2572 1
11 2572 1
11 2574 3
11 2576 3
11 2577 2
11 2580 2
11 2582 1
11 2583 1
11 2584 3
11 2586 1
11 2588 3
11 2589 1
11 2589 2
11 2591 1
11 2594 1
11 2597 1
2500 2598 1
30 2603 1
30 2605 1
11 2605 1
30 2610 2
11 2610 3
31 2616 1
11 2616 1
31 2617 2
11 2617 3
31 2620 1
31 2622 1
31 2623 1
11 2623 1
11 2623 3
31 2626 1
31 2627 2
31 2628 1
31 2632 2
31 2633 1
31 2636 3
31 2637 1
11 2639 1
11 2642 2
11 2645 3
11 2653 2
11 2655 1
11 2656 3
11 2659 1
11 2659 3
11 2660 3
11 2662 1
11 2664 3
2380 2665 2
31 2670 3
31 2674 1
31 2677 1
11 2677 2
31 2681 1
31 2684 2
31 2689 2
11 2689 2
31 2690 2
31 2691 1
31 2692 1
31 2693 3
31 2695 2
11 2695 2
31 2696 2
31 2698 1
11 2698 2
31 2700 1
11 2700 3
14 2702 2
11 2703 1
11 2705 2
11 2707 1
11 2708 2
11 2708 3
11 2710 1
11 2710 2
11 2711 1
11 2711 1
11 2712 1
11 2716 1
11 2717 1
11 2717 2
11 2718 2
11 2719 2
11 2722 1
11 2725 1
11 2729 2
11 2730 1
11 2730 2
11 2730 3
2272 2731 2
31 2739 1
31 2740 2
11 2740 3
31 2742 1
31 2744 1
11 2744 2
11 2744 3
31 2746 1
11 2746 2
31 2750 1
11 2750 3
11 2750 3
31 2755 2
31 2756 3
31 2757 1
11 2757 2
31 2763 1
31 2764 3
11 2767 1
11 2769 2
11 2770 3
11 2770 3
11 2772 1
11 2773 1
11 2774 1
11 2775 2
11 2778 1
11 2778 2
11 2781 3
11 2784 1
11 2788 3
11 2789 2
11 2790 1
11 2791 1
11 2791 1
2173 2793 3
32 2795 2
11 2795 2
32 2796 1
11 2796 2
11 2796 2
32 2797 1
32 2801 1
32 2802 3
32 2804 1
32 2807 3
32 2809 3
32 2811 3
32 2812 1
32 2814 1
32 2816 3
11 2816 3
32 2819 1
32 2820 1
11 2820 1
32 2822 3
32 2826 1
32 2828 1
11 2828 1
11 2828 3
32 2829 2
11 2829 2
32 2830 1
32 2833 1
11 2833 1
11 2838 3
11 2842 1
11 2842 1
11 2848 3
11 2851 2
11 2853 1
11 2853 3
11 2855 2
11 2855 2
2083 2856 2
32 2863 2
32 2866 3
32 2869 1
11 2869 2
32 2872 2
11 2872 2
32 2873 2
32 2876 1
32 2882 1
11 2882 3
32 2883 3
32 2884 1
11 2884 2
32 2887 3
33 2891 1
33 2893 2
33 2894 1
11 2896 1
11 2896 1
11 2898 2
11 2898 3
11 2902 1
11 2902 1
11 2904 2
11 2905 1
11 2908 2
11 2912 1
11 2917 1
11 2918 1
11 2920 1
11 2920 1
2000 2922 2
33 2924 1
33 2925 2
33 2929 1
11 2929 3
33 2930 1
11 2930 1
33 2935 1
33 2939 3
33 2941 1
33 2943 1
33 2944 1
33 2946 1
33 2947 2
33 2950 2
33 2951 2
33 2955 1
11 2955 1
33 2956 1
11 2956 3
33 2957 1
11 2961 1
11 2963 1
11 2968 3
11 2973 3
11 2975 1
11 2981 1
1923 2982 2
33 2986 2
33 2989 2
33 2995 1
33 2996 2
33 3005 1
33 3006 1
11 3006 2
33 3007 2
33 3011 3
16 3014 2
11 3015 2
11 3015 2
11 3015 2
11 3018 2
11 3020 3
11 3023 3
11 3024 1
11 3024 2
11 3025 1
11 3026 3
11 3030 1
11 3031 1
11 3037 1
11 3038 1
11 3038 2
11 3040 1
11 3040 2
1851 3041 3
33 3050 2
33 3051 3
33 3056 1
11 3056 1
33 3058 2
34 3059 2
11 3072 2
11 3073 1
11 3074 3
11 3078 2
11 3079 1
11 3079 2
11 3086 2
11 3086 2
1785 3087 2
11 3087 3
34 3094 2
34 3096 1
34 3102 2
11 3102 2
11 3102 3
34 3104 1
34 3110 2
34 3111 2
11 3111 2
11 3111 3
34 3112 3
34 3113 1
11 3113 2
34 3119 2
34 3120 1
34 3122 1
11 3138 2
11 3143 1
11 3144 2
1724 3145 2
34 3150 2
34 3151 1
34 3152 2
34 3154 3
34 3161 1
34 3162 1
34 3163 2
34 3167 1
34 3171 3
34 3172 2
34 3178 2
11 3194 2
11 3197 1
11 3200 1
11 3200 2
1666 3202 1
34 3207 2
34 3208 2
34 3220 1
34 3222 3
35 3227 1
35 3228 1
11 3235 2
11 3239 1
11 3243 3
1612 3249 2
35 3252 3
35 3255 1
35 3257 2
35 3258 1
11 3258 2
35 3260 2
35 3264 1
35 3266 2
35 3267 1
35 3268 2
35 3269 2
35 3270 2
35 3279 2
11 3279 3
35 3280 1
11 3280 1
35 3284 2
11 3292 2
11 3299 1
11 3302 3
11 3303 1
1562 3305 2
35 3310 1
11 3310 2
35 3311 3
35 3314 2
35 3315 2
35 3319 1
35 3320 2
35 3323 3
35 3324 2
35 3325 3
35 3327 3
35 3328 2
35 3330 1
35 3333 2
35 3337 2
35 3338 2
36 3340 2
36 3344 3
36 3345 3
36 3347 2
11 3352 2
11 3352 2
11 3353 2
11 3354 1
11 3359 2
11 3361 1
11 3365 3
11 3366 2
11 3367 1
11 3368 2
1515 3371 1
36 3374 1
11 3374 1
36 3376 1
11 3376 1
36 3378 1
36 3389 1
23 3397 1
11 3400 3
11 3401 3
11 3409 1
11 3409 1
11 3410 2
11 3413 2
11 3415 1
11 3416 1
11 3416 2
11 3417 1
1470 3418 1
36 3423 1
36 3424 1
36 3426 1
36 3430 2
36 3432 1
36 3433 3
36 3435 3
36 3436 2
36 3437 1
11 3437 2
36 3446 2
11 3446 3
36 3449 1
36 3453 1
11 3453 2
11 3458 1
11 3458 2
11 3464 1
11 3465 2
11 3466 2
11 3467 1
11 3468 1
11 3468 2
1428 3471 1
36 3479 1
36 3482 3
36 3483 2
37 3488 2
37 3489 2
37 3491 1
37 3492 2
37 3493 1
37 3496 1
37 3500 3
11 3508 2
11 3508 2
11 3510 1
11 3515 2
11 3515 2
11 3518 1
11 3522 1
11 3524 2
1388 3526 2
37 3533 2
11 3533 3
37 3534 1
37 3541 1
11 3541 1
11 3541 2
37 3546 1
11 3556 3
11 3557 2
11 3560 1
11 3563 2
11 3563 2
11 3569 1
11 3570 2
11 3570 3
1351 3573 3
37 3589 2
37 3593 1
37 3594 2
37 3596 1
11 3604 3
11 3605 2
11 3616 1
1315 3621 1
37 3624 1
37 3627 2
37 3630 2
37 3638 2
11 3647 2
11 3649 2
10 3649 3
10 3651 2
10 3652 3
10 3653 1
10 3654 2
10 3654 2
10 3654 3
10 3655 1
10 3663 2
10 3665 2
10 3666 2
10 3666 3
10 3669 2
1282 3670 1
37 3673 2
37 3676 1
37 3680 1
10 3680 3
37 3683 2
10 3683 2
37 3684 2
37 3688 2
37 3689 2
37 3691 1
38 3692 2
38 3695 3
38 3698 1
10 3698 2
10 3705 1
10 3705 2
10 3710 3
10 3711 2
10 3714 1
1250 3723 1
38 3729 3
38 3730 2
38 3734 2
38 3736 3
38 3738 1
38 3747 1
38 3750 2
38 3751 1
10 3751 2
32 3753 2
22 3754 3
10 3755 2
10 3760 2
10 3761 2
10 3762 2
10 3765 2
10 3766 1
10 3768 1
10 3768 1
10 3769 2
1219 3772 1
38 3783 2
38 3785 1
38 3786 1
38 3788 2
38 3793 1
38 3794 3
38 3796 1
10 3796 2
38 3799 2
38 3802 2
38 3803 2
38 3805 3
26 3809 2
10 3813 1
10 3822 2
10 3827 2
1190 3828 1
38 3834 3
38 3838 1
38 3839 1
39 3841 2
39 3844 1
39 3849 2
39 3852 2
10 3852 2
39 3854 1
39 3856 1
31 3860 2
13 3861 2
10 3865 1
10 3868 1
10 3868 3
10 3870 1
10 3870 2
10 3877 2
1162 3881 3
39 3884 1
39 3892 2
39 3893 1
10 3893 1
39 3895 1
39 3896 1
10 3896 2
39 3900 2
39 3901 2
39 3904 2
10 3904 2
10 3904 3
39 3908 1
10 3908 3
39 3909 2
39 3910 3
10 3924 1
10 3930 1
1136 3932 2
39 3940 2
39 3947 1
39 3952 3
10 3966 3
10 3967 2
10 3967 3
10 3968 2
10 3969 2
10 3972 1
1111 3977 3
39 3980 1
39 3988 2
39 3991 2
39 3996 1
39 3998 1
10 3998 2
32 4004 2
10 4008 3
10 4010 3
10 4011 1
10 4013 2
10 4016 1
10 4017 3
1063 4023 2
40 4028 2
40 4033 2
40 4034 3
40 4039 2
40 4040 2
40 4044 1
40 4046 2
10 4046 2
40 4047 2
40 4050 1
10 4057 2
10 4060 1
10 4060 1
10 4060 2
10 4062 2
10 4063 2
10 4066 1
10 4069 1
1041 4075 3
40 4077 2
10 4077 3
40 4081 2
40 4086 2
40 4087 1
40 4095 2
10 4106 2
10 4109 2
10 4110 2
10 4112 2
10 4115 2
1020 4116 3
40 4122 3
40 4124 2
40 4128 3
40 4131 2
40 4136 2
40 4137 2
40 4140 1
41 4145 1
41 4146 2
41 4150 1
41 4152 1
10 4152 2
10 4152 2
41 4154 1
10 4164 1
10 4167 1
10 4167 2
10 4168 2
10 4169 1
10 4169 2
10 4169 3
10 4174 2
1000 4175 2
41 4179 2
41 4189 2
36 4197 3
10 4204 2
10 4206 2
961 4212 2
41 4218 1
41 4226 1
980 4236 2
41 4258 3
41 4262 1
10 4262 2
41 4265 3
41 4267 1
41 4275 1
41 4279 2
41 4281 2
41 4282 1
41 4284 1
10 4294 2
10 4296 1
10 4298 1
10 4298 2
943 4299 2
41 4305 1
41 4309 1
42 4310 2
42 4313 2
42 4316 1
42 4317 3
42 4321 1
42 4322 3
42 4323 2
42 4327 1
42 4330 3
42 4333 2
42 4338 1
10 4342 1
925 4348 1
10 4348 2
42 4362 1
42 4371 3
42 4374 1
42 4376 1
42 4382 1
10 4385 1
10 4389 2
10 4391 2
10 4393 3
10 4393 3
909 4397 1
10 4397 3
42 4411 2
11 4423 3
10 4426 2
10 4428 1
10 4428 2
892 4434 2
42 4447 1
10 4447 2
10 4447 3
42 4452 2
43 4454 3
43 4463 2
10 4463 2
10 4477 1
10 4477 2
10 4477 3
877 4483 2
43 4487 2
43 4488 1
10 4488 2
43 4491 1
10 4511 2
10 4512 1
10 4516 2
10 4518 2
10 4519 2
10 4519 2
10 4520 3
10 4523 2
847 4525 1
43 4533 2
43 4534 2
43 4540 2
43 4541 2
10 4541 3
43 4543 2
43 4545 1
43 4550 2
43 4552 1
25 4557 1
12 4558 1
10 4559 2
10 4561 1
10 4564 1
10 4565 1
10 4565 1
10 4566 1
10 4567 3
833 4571 2
43 4583 1
44 4594 2
819 4613 2
44 4624 3
44 4625 2
44 4634 1
42 4636 1
10 4644 1
793 4650 1
44 4656 3
44 4658 2
44 4660 2
44 4664 1
44 4667 2
44 4671 1
44 4675 2
44 4678 1
10 4687 3
781 4697 1
44 4706 3
28 4719 2
10 4722 2
10 4726 3
769 4731 2
44 4738 1
44 4742 1
10 4742 2
45 4748 2
10 4748 2
45 4750 2
45 4755 2
45 4763 1
24 4765 3
24 4766 3
41 4767 1
10 4771 1
10 4771 2
10 4772 2
10 4777 2
757 4782 2
45 4791 3
45 4792 2
45 4794 2
45 4798 2
45 4808 2
45 4810 1
45 4811 1
45 4815 1
10 4815 2
10 4818 1
10 4824 3
10 4825 1
10 4830 2
746 4831 3
45 4837 2
10 4837 3
46 4840 2
46 4841 3
46 4847 2
46 4854 2
46 4859 1
10 4859 2
46 4861 2
10 4861 2
10 4869 2
10 4871 2
10 4871 3
10 4876 1
10 4879 1
735 4881 2
10 4881 3
46 4892 2
46 4894 2
32 4905 1
10 4909 2
10 4912 1
10 4913 2
714 4920 2
46 4926 3
46 4929 3
46 4938 2
23 4945 1
11 4946 1
10 4954 1
10 4958 1
10 4958 2
10 4960 1
10 4960 2
704 4961 2
46 4972 3
46 4978 1
46 4982 3
44 4986 3
10 4990 2
694 4999 2
46 5015 2
10 5015 3
46 5017 1
22 5024 3
15 5025 2
10 5032 1
10 5035 2
684 5036 1
46 5048 2
47 5053 2
47 5055 1
47 5057 2
47 5058 3
47 5061 2
47 5062 1
47 5063 1
10 5078 1
675 5081 1
47 5103 1
47 5108 2
47 5109 2
47 5110 1
10 5115 3
10 5123 2
666 5124 1
47 5138 2
47 5139 2
47 5142 1
47 5148 2
43 5155 2
22 5157 2
21 5158 1
43 5159 2
43 5161 3
43 5163 2
43 5165 1
10 5169 2
657 5176 2
47 5185 2
10 5185 2
47 5190 2
48 5195 3
48 5204 2
48 5206 3
19 5210 1
649 5224 2
48 5237 1
48 5240 2
48 5242 2
10 5250 1
641 5255 2
48 5269 3
48 5280 1
48 5282 3
48 5283 1
48 5287 1
48 5288 3
49 5290 3
46 5296 1
49 5298 2
10 5304 1
10 5307 3
10 5310 2
617 5313 3
49 5324 1
49 5331 2
10 5331 2
49 5335 2
49 5336 1
10 5336 2
10 5347 2
602 5350 2
49 5360 2
49 5363 3
49 5370 3
49 5372 1
49 5373 3
49 5374 1
49 5382 1
49 5384 2
50 5389 1
50 5390 1
25 5397 3
10 5401 3
10 5404 1
595 5405 1
50 5418 3
50 5430 1
50 5432 2
10 5440 1
10 5448 1
588 5450 1
581 5470 3
50 5487 1
50 5488 1
10 5488 1
50 5490 2
50 5497 2
50 5498 3
50 5507 3
50 5508 2
50 5509 2
51 5514 1
19 5520 1
10 5523 3
10 5528 1
574 5533 2
51 5543 3
51 5547 2
51 5553 1
51 5555 1
51 5557 2
51 5562 2
51 5566 1
23 5570 2
724 5571 3
51 5599 3
51 5600 3
51 5601 1
51 5613 2
52 5617 1
10 5624 1
10 5624 3
10 5627 1
10 5628 2
555 5629 1
52 5647 2
52 5649 2
52 5657 2
37 5662 2
52 5663 1
52 5665 1
10 5665 3
52 5669 2
549 5681 1
52 5691 2
53 5698 1
53 5701 2
53 5702 2
10 5702 3
53 5704 3
53 5708 2
53 5717 3
537 5724 2
53 5741 1
53 5743 2
53 5755 1
54 5760 2
54 5761 2
10 5768 2
10 5771 2
520 5777 2
55 5783 1
55 5787 3
55 5791 2
55 5792 2
55 5799 3
55 5810 3
632 5814 2
55 5839 1
56 5851 1
15 5855 1
10 5856 1
10 5856 3
10 5864 2
10 5866 1
10 5868 1
515 5870 2
56 5882 2
10 5882 3
56 5889 2
56 5891 2
56 5893 1
56 5896 1
57 5900 3
28 5907 1
10 5914 2
510 5921 3
57 5931 1
57 5937 1
57 5943 2
57 5944 1
17 5951 1
57 5952 1
10 5952 1
10 5952 1
58 5955 2
505 5968 2
58 5977 1
58 5985 2
58 5988 2
58 5993 3
17 6002 2
38 6003 1
58 6005 1
10 6005 3
10 6010 1
10 6015 3
10 6016 2
500 6017 3
10 6042 3
10 6043 1
495 6049 1
54 6070 2
490 6081 3
58 6094 1
58 6098 2
59 6108 2
59 6109 2
60 6114 1
60 6118 1
60 6121 2
60 6122 2
60 6124 2
60 6127 2
60 6136 2
60 6138 3
60 6139 2
10 6150 1
10 6150 2
10 6159 2
480 6161 3
60 6172 1
60 6180 3
862 6186 1
10 6186 3
61 6228 3
61 6238 2
10 6238 2
61 6239 1
61 6241 2
10 6258 2
10 6260 3
10 6263 1
10 6264 2
471 6266 3
61 6284 2
61 6286 2
62 6290 3
64 6294 1
10 6294 2
65 6295 2
65 6296 3
49 6310 3
19 6313 1
10 6316 2
10 6317 1
10 6317 2
10 6324 3
10 6326 2
10 6327 2
467 6329 2
66 6344 1
10 6355 2
462 6363 2
66 6374 3
66 6379 3
66 6387 3
67 6390 3
67 6394 2
31 6402 1
16 6404 2
48 6405 1
62 6408 1
31 6412 3
16 6414 2
59 6415 1
67 6418 1
62 6423 3
64 6427 2
561 6431 1
67 6460 2
67 6470 2
10 6477 1
446 6484 3
67 6502 1
67 6506 2
61 6514 1
19 6518 2
454 6519 2
36 6549 1
68 6550 2
10 6558 2
10 6562 1
442 6567 2
68 6578 1
68 6580 2
68 6587 3
68 6589 2
69 6601 1
70 6606 2
10 6618 1
420 6620 1
70 6631 2
70 6639 2
609 6652 2
33 6693 2
70 6695 2
62 6700 2
70 6704 2
10 6710 2
413 6711 3
70 6729 2
72 6739 2
10 6754 1
10 6754 2
406 6756 1
50 6777 2
72 6778 2
72 6783 2
72 6785 2
72 6789 1
10 6803 2
10 6804 2
403 6813 2
72 6821 2
14 6835 2
57 6836 3
13 6840 2
10 6848 2
400 6850 2
72 6862 2
73 6874 2
70 6880 3
65 6885 2
73 6887 1
73 6889 2
42 6900 2
40 6903 2
10 6912 2
381 6917 2
73 6930 3
74 6934 2
74 6941 2
75 6946 2
41 6955 2
16 6958 1
10 6963 1
10 6968 1
373 6971 1
75 6981 3
55 6993 1
34 6997 2
75 6998 1
75 7002 3
78 7005 1
78 7011 1
85 7013 2
69 7028 2
31 7033 2
86 7035 1
362 7044 2
10 7044 2
76 7069 1
349 7084 1
88 7095 1
15 7107 2
79 7108 1
27 7114 2
53 7116 1
52 7120 3
88 7123 2
88 7129 2
88 7135 1
10 7145 1
344 7146 1
89 7165 3
92 7175 3
64 7184 2
93 7185 2
94 7187 2
26 7203 1
84 7205 2
94 7208 1
94 7215 1
10 7215 3
10 7215 3
364 7227 2
94 7254 1
94 7259 2
95 7264 2
78 7277 2
13 7283 1
53 7284 2
107 7288 1
108 7291 3
109 7304 2
111 7308 2
107 7322 2
10 7322 2
31 7331 1
10 7331 3
112 7332 2
78 7343 2
114 7348 1
342 7364 3
12 7385 2
13 7386 1
12 7387 2
340 7394 2
352 7415 2
73 7443 1
114 7444 2
33 7458 2
105 7461 2
89 7469 2
183 7476 2
45 7491 2
10 7495 3
179 7498 2
45 7510 1
177 7516 1
12 7528 1
49 7529 2
31 7533 3
121 7535 2
337 7551 2
121 7573 1
12 7583 2
85 7584 1
121 7591 2
95 7601 1
122 7608 1
120 7619 2
96 7629 3
108 7637 3
41 7646 2
122 7649 1
123 7659 1
120 7670 2
71 7680 2
114 7686 1
123 7695 2
46 7706 2
378 7710 2
71 7742 1
35 7748 2
81 7751 2
111 7758 2
125 7766 1
114 7778 2
105 7788 2
24 7797 2
34 7799 2
93 7802 2
57 7810 2
92 7815 2
105 7823 2
58 7832 2
34 7837 1
43 7840 2
176 7844 2
183 7853 1
68 7875 1
46 7881 2
11 7885 2
23 7886 2
23 7888 2
34 7890 1
57 7893 1
127 7897 1
190 7909 2
45 7926 3
23 7930 1
45 7932 1
34 7936 1
34 7939 1
44 7942 2
91 7946 3
45 7954 1
11 7958 1
11 7959 2
67 7960 2
20 7966 2
198 7968 2
174 7986 3
199 7998 2
20 8019 2
10 8021 1
335 8027 3
66 8052 1
33 8058 1
33 8061 2
66 8064 2
55 8070 1
124 8075 3
174 8087 2
128 8101 2
11 8114 3
109 8115 3
11 8125 1
65 8126 2
10 8132 3
476 8133 2
128 8175 2
65 8189 2
53 8195 3
11 8200 2
75 8201 2
53 8208 1
75 8213 2
85 8220 2
20 8228 3
129 8229 1
10 8229 2
31 8243 1
255 8244 1
85 8270 1
333 8279 2
243 8310 2
83 8333 2
62 8341 2
92 8347 2
240 8356 1
10 8379 2
103 8380 2
83 8390 2
30 8398 2
51 8401 2
103 8406 2
52 8416 2
43 8421 2
185 8425 1
200 8442 2
203 8462 2
36 8483 3
166 8487 2
10 8503 2
60 8504 1
71 8510 2
88 8517 2
252 8526 2
20 8551 3
90 8553 2
40 8562 2
93 8566 2
264 8574 2
71 8602 2
256 8609 1
526 8635 1
204 8689 2
107 8710 1
135 8721 2
86 8735 1
87 8744 1
38 8753 2
19 8757 2
10 8757 3
182 8760 1
10 8779 1
57 8780 2
47 8786 2
485 8791 2
65 8842 2
10 8842 2
95 8850 3
18 8860 2
27 8862 2
134 8865 2
130 8879 2
102 8893 1
10 8893 1
28 8905 2
136 8907 1
236 8923 3
193 8948 2
102 8969 1
111 8980 2
82 8992 2
18 9001 2
119 9003 2
138 9015 3
54 9031 2
64 9037 2
136 9044 1
27 9059 3
37 9062 1
90 9066 2
87 9076 1
206 9085 2
166 9110 2
49 9127 2
139 9132 2
27 9148 2
44 9151 2
45 9156 1
239 9161 2
58 9188 2
10 9195 1
10 9196 3
134 9197 3
124 9212 2
112 9226 2
142 9238 2
69 9255 1
105 9263 2
18 9275 2
128 9277 1
331 9295 2
41 9330 2
268 9332 2
10 9332 2
68 9367 1
77 9375 3
101 9384 2
10 9396 1
77 9397 1
17 9406 2
33 9408 2
119 9412 2
17 9426 1
34 9428 1
51 9432 3
101 9438 1
19 9450 1
259 9452 2
34 9483 2
326 9487 2
74 9526 2
59 9535 2
73 9542 1
101 9551 1
33 9563 1
57 9567 2
22 9574 3
806 9576 2
96 9675 2
177 9687 2
40 9709 2
81 9714 1
241 9724 3
16 9754 2
32 9756 2
54 9760 2
10 9767 2
79 9768 2
246 9778 1
32 9809 1
10 9809 2
297 9814 2
55 9852 1
205 9859 2
450 9885 2
92 9943 1
31 9955 2
54 9959 3
138 9966 2
245 9984 2
52 10016 3
134 10023 2
308 10040 3
98 10081 1
98 10094 1
83 10107 2
328 10118 2
60 10162 1
45 10170 2
96 10176 2
55 10189 2
431 10196 3
88 10255 2
82 10267 2
303 10278 3
29 10320 2
95 10324 3
193 10337 3
359 10364 1
71 10414 2
15 10424 2
113 10426 3
57 10442 2
14 10450 2
98 10452 2
142 10465 2
57 10486 2
42 10494 2
12 10500 1
568 10502 3
324 10583 1
34 10630 2
130 10635 2
69 10654 2
1086 10665 2
86 10825 3
61 10838 2
105 10847 1
40 10863 2
295 10871 2
171 10914 2
79 10940 1
120 10952 1
10 10971 2
16 10972 2
294 10976 2
84 11020 3
180 11033 3
375 11061 2
10 11120 1
10 11122 2
265 11123 2
32 11165 1
38 11170 3
30 11176 2
64 11181 3
112 11191 2
63 11209 2
68 11219 2
119 11230 3
25 11249 2
384 11253 1
299 11315 3
115 11364 1
73 11383 2
55 11395 2
14 11404 3
282 11406 3
23 11453 2
161 11457 2
165 11484 1
277 11512 2
24 11558 3
47 11562 2
141 11570 2
36 11594 3
15 11600 2
161 11603 2
67 11630 3
270 11641 2
289 11688 2
27 11738 2
235 11743 2
190 11784 3
153 11817 2
438 11844 2
217 11922 2
304 11961 1
11 12016 2
44 12018 2
10 12026 2
216 12028 2
10 12068 2
33 12069 2
98 12075 2
87 12093 1
27 12109 1
357 12114 2
176 12180 2
18 12213 2
143 12216 2
322 12243 3
16 12304 2
132 12307 2
26 12332 2
10 12332 2
116 12339 2
54 12361 2
144 12371 3
202 12399 2
97 12438 3
185 12457 3
393 12493 2
86 12570 2
71 12587 2
387 12601 2
390 12678 2
97 12757 1
251 12777 2
10 12829 3
253 12830 2
14 12882 2
63 12885 3
19 12898 2
77 12902 2
250 12918 2
10 12918 2
215 12973 2
194 13017 2
416 13058 3
11 13147 2
10 13150 1
234 13152 2
531 13202 2
59 13318 1
139 13331 1
10 13363 2
27 13364 3
14 13370 3
34 13373 1
10 13373 3
625 13383 2
69 13523 2
280 13539 1
10 13539 2
111 13605 3
168 13630 2
21 13669 2
35 13674 2
74 13682 2
196 13699 3
73 13745 1
200 13762 3
55 13809 2
68 13822 2
218 13837 2
42 13890 3
44 13900 3
221 13909 2
10 13965 2
54 13966 2
42 13979 3
24 13989 2
42 13995 2
32 14005 1
434 14013 2
81 14119 2
21 14139 2
173 14144 2
165 14187 2
36 14228 3
14 14237 1
10 14242 2
191 14243 3
36 14291 2
65 14300 3
10 14318 2
35 14319 2
173 14328 3
220 14372 2
186 14428 2
77 14476 2
77 14496 2
23 14516 1
23 14522 2
119 14528 2
61 14559 2
92 14575 2
106 14599 3
301 14627 2
10 14708 2
230 14709 3
56 14771 2
167 14786 1
99 14831 2
74 14858 2
10 14879 1
48 14881 2
131 14894 2
138 14930 3
37 14968 2
83 14978 3
162 15001 2
48 15046 3
152 15060 3
248 15102 3
39 15172 2
17 15183 2
409 15188 2
66 15305 2
76 15324 1
66 15346 2
65 15365 2
24 15384 3
21 15391 2
24 15397 2
85 15404 1
58 15429 2
29 15446 2
10 15457 2
370 15458 1
104 15567 2
10 15599 3
229 15602 2
10 15672 3
13 15673 2
53 15677 2
207 15693 2
18 15756 2
116 15761 2
85 15797 2
91 15823 2
44 15851 1
10 15866 1
33 15868 2
93 15878 2
81 15907 3
314 15933 2
82 16031 2
63 16057 1
13 16077 1
18 16081 2
10 16088 3
79 16090 2
84 16115 1
427 16143 2
13 16280 2
146 16284 2
279 16332 2
10 16426 3
146 16427 2
21 16476 2
122 16483 2
10 16525 2
271 16527 1
12 16619 2
17 16623 2
74 16629 3
29 16654 2
100 16664 2
10 16699 3
10 16702 1
228 16706 3
26 16784 2
267 16793 2
18 16886 3
225 16893 2
79 16972 3
118 17000 2
90 17042 3
458 17075 3
208 17240 3
14 17317 2
108 17322 1
86 17362 2
423 17394 3
213 17554 2
45 17635 3
62 17652 3
171 17676 3
51 17742 2
192 17762 1
91 17837 2
13 17873 2
66 17878 3
396 17904 2
152 18063 2
32 18124 3
54 18137 2
13 18159 1
367 18164 1
74 18315 3
10 18346 3
124 18350 3
125 18402 1
10 18402 2
10 18462 2
57 18463 2
71 18487 2
126 18517 2
157 18570 2
78 18638 2
10 18638 2
35 18676 2
22 18691 2
10 18704 2
69 18705 3
284 18735 2
222 18859 2
12 18958 2
76 18963 2
102 18997 3
31 19043 3
76 19057 3
158 19091 3
18 19163 3
10 19172 2
72 19176 2
81 19209 3
82 19246 2
74 19284 2
135 19318 1
113 19381 1
25 19434 2
210 19446 2
11 19545 2
44 19550 2
142 19571 2
45 19639 2
118 19661 1
125 19718 1
10 19781 3
316 19783 2
36 19939 2
14 19957 2
226 19964 1
60 20077 3
16 20107 3
63 20115 3
18 20147 3
76 20156 2
10 20200 2
10 20201 1
131 20205 2
48 20272 2
51 20297 2
63 20323 2
15 20356 1
210 20363 2
78 20473 2
17 20514 3
32 20523 3
238 20540 2
93 20667 2
10 20718 1
61 20722 2
103 20755 2
290 20810 2
56 20970 2
12 21001 2
273 21008 3
127 21160 3
28 21232 2
147 21247 3
58 21332 1
55 21365 3
84 21397 2
10 21446 3
41 21451 2
82 21475 3
87 21523 2
10 21577 1
80 21580 3
54 21627 2
64 21659 2
101 21697 2
232 21757 2
17 21897 2
113 21907 2
58 21976 3
75 22012 3
10 22060 1
37 22064 3
90 22087 2
145 22143 2
20 22233 2
201 22246 2
13 22373 3
51 22381 3
24 22414 3
87 22429 1
102 22485 2
10 22552 2
24 22557 1
56 22573 2
172 22609 1
10 22723 2
89 22728 3
63 22787 2
10 22833 3
354 22836 2
18 23074 2
99 23086 2
154 23153 2
167 23260 3
50 23376 3
276 23411 2
118 23607 1
10 23693 3
126 23699 2
155 23790 3
20 23904 2
42 23919 2
10 23955 2
23 23957 2
10 23979 2
187 23981 2
196 24121 3
147 24269 2
97 24382 1
13 24457 2
27 24467 2
89 24488 3
318 24556 3
10 24816 2
127 24817 2
32 24919 2
10 24947 2
13 24953 2
101 24964 2
65 25046 3
108 25099 2
10 25099 3
106 25197 2
93 25285 2
50 25363 2
33 25405 2
24 25433 3
63 25453 2
11 25507 2
71 25516 3
22 25577 2
162 25596 2
69 25736 3
22 25796 1
85 25815 2
99 25890 2
110 25977 2
126 26075 3
10 26195 3
132 26198 2
10 26323 2
24 26327 1
70 26349 3
40 26413 2
69 26450 2
10 26520 2
26 26524 1
83 26548 3
59 26626 2
135 26681 3
214 26809 3
39 27015 2
233 27053 3
110 27282 2
46 27392 1
10 27444 3
58 27448 3
10 27517 2
263 27519 2
61 27787 2
80 27850 1
28 27934 1
188 27962 2
10 28162 2
10 28175 3
10 28193 1
10 28194 3
10 28211 3
10 28219 2
26 28226 3
89 28254 2
29 28351 2
26 28382 3
43 28411 3
37 28458 2
19 28498 2
53 28519 3
26 28577 2
31 28606 3
106 28641 3
141 28759 1
160 28918 1
181 29102 1
151 29313 3
12 29490 3
19 29505 2
10 29547 3
10 29548 3
18 29551 2
18 29573 2
129 29595 3
29 29750 2
168 29785 2
129 29992 3
28 30153 2
10 30197 3
35 30200 1
79 30245 3
29 30345 3
49 30382 3
33 30444 3
90 30487 2
17 30603 2
21 30625 3
68 30653 3
10 30749 2
46 30754 2
10 30823 1
95 30828 2
10 30964 3
117 30968 2
80 31125 2
10 31241 3
109 31247 3
10 31401 3
140 31411 3
116 31606 3
113 31769 2
81 31930 2
30 32047 2
15 32091 3
84 32113 2
32 32236 3
48 32282 3
11 32354 2
81 32370 3
10 32494 3
16 32505 3
47 32530 2
55 32600 3
21 32683 2
26 32716 2
55 32755 1
28 32840 3
45 32883 3
10 33314 2
10 33324 2
10 33463 2
10 33521 3
10 33696 2
10 33720 3
10 33750 3
12500 33963 3
54 34124 3
209 34174 2
91 34367 3
170 34452 2
59 34612 3
204 34668 3
76 34863 2
70 34936 3
22 35004 3
24 35025 2
10 35055 3
104 35058 3
10 35165 3
30 35169 3
53 35198 2
144 35250 3
32 35393 3
306 35425 2
65 35732 2
38 35798 3
115 35836 3
178 35954 3
59 36138 3
77 36199 3
285 36280 3
71 36581 3
26 36657 2
16 36684 2
150 36702 3
41 36863 2
320 36908 2
231 37259 2
36 37518 2
247 37558 2
274 37839 2
22 38157 2
130 38183 1
10 38338 2
179 38347 1
63 38560 2
75 38636 2
52 38726 3
223 38788 3
543 39059 2
43 39741 3
88 39796 3
69 39910 1
64 39998 3
287 40082 2
147 40458 3
42 40655 3
132 40711 2
32 40890 2
112 40933 3
189 41087 2
77 41348 2
10 41462 3
148 41468 2
219 41678 3
170 41991 3
10 42243 2
10 42253 3
10 42278 3
54 42281 1
257 42359 3
32 42740 3
18 42788 1
27 42816 2
347 42857 2
10 43400 3
63 43401 3
151 43499 3
36 43734 2
39 43792 3
66 43853 1
19 43958 2
10 43999 3
109 44004 3
56 44179 3
148 44269 2
21 44509 3
24 44544 3
10 44607 2
10 44617 2
10 44617 3
97 44632 3
11 44792 3
312 44812 3
39 45335 3
70 45401 2
41 45521 3
10 45606 2
102 45608 2
292 45786 2
47 46298 3
197 46383 3
159 46738 3
10 47036 2
10 47064 2
10 47075 3
35 47083 1
25 47149 3
65 47195 2
151 47316 3
82 47600 3
163 47756 3
95 48067 2
260 48253 2
63 48764 3
140 48890 2
125 49173 2
17 49429 3
78 49464 3
10 49464 3
30 49645 3
160 49706 3
175 50042 2
10 50420 3
38 50436 3
62 50518 3
49 50651 2
104 50757 3
24 50985 3
155 51038 3
143 51382 3
67 51702 1
50 51855 2
64 51969 3
75 52117 3
10 52321 3
10 52346 3
10 52348 2
117 52360 3
18 52633 2
11 52675 3
76 52701 3
99 52882 3
38 53118 3
16 53209 2
17 53248 1
55 53290 3
37 53424 2
31 53512 2
10 53595 1
10 53627 1
195 53639 3
227 54122 3
242 54694 3
54 55323 3
10 55485 3
73 55491 2
10 55699 2
38 55711 3
22 55813 3
43 55872 3
98 55987 2
310 56252 3
23 57109 2
23 57174 3
157 57239 3
150 57689 2
50 58122 3
15 58267 3
140 58313 3
63 58728 3
19 58917 2
56 58972 3
10 59152 2
104 59172 3
26 59491 3
46 59572 2
15 59714 3
10 59780 3
59 59789 2
62 59974 3
136 60166 3
10 60605 3
10 60646 3
133 60665 3
56 61095 2
224 61276 3
89 62021 3
145 62324 3
80 62820 2
10 63145 2
10 63162 2
25 63167 2
80 63255 3
20 63538 2
261 63610 3
10 64562 1
48 64588 3
110 64765 3
78 65174 3
31 65471 2
18 65588 3
10 65672 2
24 65693 1
10 65813 2
10 65834 2
149 65862 3
80 66438 2
149 66754 3
40 67346 2
52 67508 3
13 67718 3
54 67773 3
10 68009 3
137 68037 3
10 68640 2
20 68646 3
211 68730 3
72 69631 2
100 69944 3
80 70382 3
25 70739 3
52 70852 2
131 71087 3
24 71686 3
19 71796 3
100 71884 3
19 72351 2
153 72441 3
28 73173 3
117 73309 3
10 73889 2
50 73930 3
159 74177 2
65 74973 3
33 75307 3
33 75476 2
11 75646 3
32 75703 1
22 75873 3
10 76022 2
27 76036 3
156 76179 1
40 77009 3
53 77230 3
16 77517 2
16 77606 3
80 77692 3
10 78186 2
10 78190 3
10 78277 3
76 78301 3
10 78752 3
29 78786 3
37 78951 3
78 79163 3
92 79613 3
10 80145 3
26 80205 1
26 80359 3
34 80516 3
16 80719 2
39 80811 3
100 81048 3
48 81656 1
62 81949 3
110 82336 3
10 83088 3
10 83109 3
14 83150 3
48 83240 2
10 83567 3
21 83612 3
25 83748 3
71 83915 3
62 84373 2
20 84783 3
10 84937 3
91 84984 3
83 85596 2
30 86165 3
97 86375 3
59 87052 3
64 87467 3
53 87922 3
44 88308 3
25 88632 3
36 88811 3
10 89130 3
48 89150 2
64 89511 2
37 89991 3
116 90272 1
40 91169 2
10 91530 3
50 91553 3
68 91951 3
15 92493 3
10 92614 3
34 92697 3
10 92973 1
19 93049 3
96 93203 2
59 94001 3
18 94491 1
10 94780 3
10 94798 3
10 94825 3
54 94901 3
106 95356 3
11 96278 3
49 96374 3
26 96803 3
44 97038 3
33 97435 2
96 97730 3
16 98607 3
156 98753 3
79 100221 2
14 100986 3
10 101146 3
44 101221 3
40 101649 1
144 102047 3
10 103670 3
10 103705 3
58 103714 3
22 104316 3
163 104536 3
32 106283 2
25 106635 2
19 106902 3
10 107182 3
10 107315 3
72 107341 3
84 108146 1
10 109111 2
13 109211 3
21 109362 3
14 109606 3
37 109777 3
22 110206 3
121 110467 3
158 111918 3
10 113920 3
115 114001 3
24 115473 3
36 115793 2
23 116259 3
38 116569 3
187 117078 3
10 119813 3
10 119842 3
117 119934 3
103 121602 3
99 123130 3
18 124627 3
10 124945 3
18 125057 3
22 125350 3
10 125808 3
10 125971 3
81 125999 3
35 127294 3
15 127854 3
10 128192 3
13 128272 3
39 128485 3
25 129117 3
23 129537 2
56 129925 3
13 130876 3
22 131091 3
10 131527 3
17 131646 3
10 131966 3
25 132121 3
36 132551 3
74 133186 3
24 134521 3
10 134975 3
59 135137 2
64 136240 1
184 137437 3
90 141050 3
17 142871 3
47 143221 3
59 144221 3
10 145645 3
59 145689 3
100 146969 1
10 149392 3
45 149436 3
52 150472 3
17 151681 3
154 152083 3
52 155851 3
17 157159 3
30 157595 1
23 158361 2
10 159078 3
34 159213 3
64 160124 3
10 162196 3
10 162339 2
10 162409 3
57 162647 3
10 164434 3
137 164512 3
51 168477 1
10 170098 3
62 170309 3
18 172223 3
61 172778 3
86 174709 3
10 177692 3
67 177850 3
26 180113 3
10 181140 3
15 181351 3
123 181876 3
20 186313 3
29 187030 2
11 188116 1
107 188544 3
21 192687 3
10 193786 3
15 193919 3
22 194532 3
27 195430 1
10 197182 3
10 197703 3
10 197910 3
10 198039 3
52 198206 3
36 200430 3
15 202016 3
66 202687 2
63 205641 3
10 209279 3
10 209484 3
10 209911 3
41 209980 3
77 211962 3
35 215827 3
62 217587 3
35 220850 3
27 222739 3
56 224223 3
23 227354 3
10 228898 3
42 229277 2
25 231753 3
33 233216 3
31 235216 3
56 237110 3
20 240679 3
28 241987 3
10 244169 3
10 244585 3
181 245128 3
11 257978 2
51 258838 3
10 263090 2
34 263492 3
10 266765 3
41 267035 3
82 270354 3
25 277327 3
62 279609 3
10 286042 3
83 286215 3
40 294175 3
32 298250 1
21 301548 3
25 303812 3
12 306558 3
10 310776 3
10 310895 3
10 312471 3
10 312940 3
10 313135 3
11 313390 3
10 315222 3
10 317396 3
10 318402 3
10 318525 3
34 319405 3
15 323479 3
10 325466 3
10 326942 2
24 327819 3
19 330910 3
45 333413 3
11 339466 3
10 340899 3
10 344069 3
10 345389 3
10 345860 3
10 346578 3
30 347905 3
10 352319 3
25 353758 3
10 357955 3
17 359095 3
29 361653 3
26 366320 3
10 371337 3
133 372135 3
18 395808 3
10 401767 2
10 403295 3
12 403308 3
54 405637 3
17 416734 3
19 420503 3
10 426342 3
84 426841 1
10 448561 2
39 449216 3
25 459099 3
28 465833 3
43 473724 3
10 489414 3
10 491171 3
212 491921 3
25 567922 3
86 578440 3
69 618468 3
12 655587 3
14 662455 3
52 670571 3
103 703600 3
17 779985 3
36 794447 3
43 827436 3
91 870356 1
107 979896 3
10 1174542 3
87 1175326 3
10 1411577 3
61 1415954 1
169 1633678 3
164 2983980 3
