19
19
19
19
19
19
19
19
19
19
19
19
19
19
19
19
19
19
19
19
19
19
19
19
19
19
18
18
18
18
18
18
18
18
18
18
18
18
18
18
18
18
18
18
18
18
18
18
18
18
18
18
18
18
18
18
18
18
18
18
18
18
18
18
18
18
18
18
18
18
18
18
18
18
18
18
18
18
18
18
18
18
18
18
18
18
18
18
18
18
18
18
18
18
18
18
18
17
17
17
17
17
17
17
17
17
17
17
17
17
17
17
17
17
17
17
17
17
17
17
17
17
17
17
17
17
17
17
17
17
17
17
17
17
17
17
17
17
17
17
17
17
17
17
17
17
17
17
17
17
17
17
17
17
17
17
17
17
17
19
17
16
19
16
19
19
16
16
16
16
16
16
16
16
16
16
16
16
16
16
16
16
16
16
16
16
19
16
16
19
16
16
19
16
19
16
16
16
16
16
16
16
19
19
19
16
16
19
16
16
16
16
16
16
19
16
19
16
16
16
16
20
16
20
16
16
16
16
16
16
20
16
16
20
16
16
16
16
16
16
16
20
16
16
16
20
16
20
16
20
20
16
20
16
20
20
20
20
16
16
20
16
16
16
16
16
20
16
20
16
16
20
20
20
20
16
16
16
16
16
20
16
20
20
16
20
16
16
16
16
20
16
16
16
16
16
20
20
21
21
21
21
16
16
21
16
16
16
21
21
21
21
16
21
15
15
15
15
15
15
15
15
15
15
15
15
15
15
15
15
15
15
15
15
15
15
15
15
15
15
15
15
15
15
15
15
15
15
15
15
15
15
15
15
15
15
15
15
15
15
15
15
15
15
15
15
15
15
15
15
15
15
25000
15
15
21
15
15
21
21
21
21
21
15
15
21
14
21
14
21
14
21
14
14
14
14
14
14
14
21
21
14
14
14
14
14
14
14
21
14
14
21
14
21
14
14
22
14
14
14
14
14
14
14
22
22
22
14
14
14
14
14
22
14
22
22
14
14
14
14
14
14
14
14
14
14
14
14
14
14
14
14
14
14
14
14
14
14
14
14
14
14
14
14
14
14
14
14
14
14
14
14
22
14
22
14
14
14
14
14
13
22
13
22
13
13
22
13
22
13
13
13
13
13
13
22
13
13
13
13
13
13
13
13
13
13
23
13
13
13
13
13
13
13
13
13
13
13
13
13
13
13
13
13
13
13
13
13
13
13
13
23
13
13
13
23
23
13
13
23
23
23
13
13
13
13
13
23
13
13
13
13
24
24
24
13
13
13
13
13
13
13
13
13
13
13
13
8333
24
13
13
24
13
24
24
24
24
24
13
24
13
13
24
13
13
24
13
13
24
13
13
13
13
13
13
13
13
13
13
13
25
12
25
25
12
25
12
25
12
12
12
12
12
12
12
12
12
12
12
12
12
12
25
25
25
12
25
12
12
12
25
12
12
12
26
26
12
12
12
12
12
12
12
12
12
12
12
12
26
26
12
26
12
12
12
26
12
26
12
12
12
12
12
12
12
12
12
26
12
26
26
12
12
12
12
12
12
12
12
12
12
27
27
27
27
12
12
12
12
12
4166
12
27
12
12
12
27
12
12
12
12
12
12
12
12
12
12
28
28
12
12
12
12
28
12
12
12
12
12
12
12
12
28
12
12
12
11
11
11
28
11
28
11
28
28
29
11
11
11
11
11
29
29
11
29
11
11
11
11
11
11
11
2941
29
11
29
29
11
11
11
11
11
30
11
30
30
30
11
11
11
11
30
30
30
11
11
30
11
30
11
11
11
11
11
11
11
11
11
31
11
11
11
11
11
31
31
11
11
11
11
11
11
11
31
31
11
11
11
11
2173
32
32
32
32
32
11
32
11
11
11
11
32
11
32
32
11
11
33
11
11
11
33
11
11
11
1851
33
11
11
11
11
34
34
34
34
11
35
11
11
35
35
35
35
36
36
11
11
11
36
36
11
36
37
11
11
11
1351
11
10
10
10
10
10
38
10
38
38
22
38
38
38
10
1162
10
10
39
39
10
10
1111
10
10
10
40
1041
10
1020
40
40
10
36
41
41
42
42
42
42
10
10
10
11
10
43
10
10
10
10
44
44
10
44
10
24
24
45
10
746
10
46
10
10
46
46
46
46
44
10
22
47
10
43
48
48
48
48
48
49
10
617
49
49
49
25
10
50
581
50
50
10
51
724
51
51
10
10
10
53
53
55
55
55
10
10
57
510
58
10
10
500
10
490
60
480
60
10
61
10
471
62
65
49
10
66
66
66
67
31
62
446
68
413
57
70
73
75
75
52
89
92
10
10
108
10
342
10
31
96
108
45
91
174
335
124
11
109
10
53
20
36
20
10
95
236
138
27
10
134
77
51
22
241
54
52
308
431
303
95
193
113
568
86
84
180
38
64
119
299
14
282
24
36
67
190
322
144
97
185
10
63
416
27
14
10
111
196
200
42
44
42
36
191
65
173
106
230
138
83
48
152
248
24
10
10
81
10
10
74
10
228
18
79
90
458
208
423
45
62
171
66
32
74
10
124
69
102
31
76
158
18
81
10
60
16
63
18
17
32
273
127
147
55
10
82
80
58
75
37
13
51
24
89
10
167
50
10
155
196
89
318
65
10
24
71
69
126
10
70
83
135
214
233
10
58
10
10
10
26
26
43
53
31
106
151
12
10
10
129
129
10
79
29
49
33
21
68
10
10
109
10
140
116
15
32
48
81
10
16
55
28
45
10
10
10
12500
54
91
59
204
70
22
10
104
10
30
144
32
38
115
178
59
77
285
71
150
52
223
43
88
64
147
42
112
10
219
170
10
10
257
32
10
63
151
39
10
109
56
21
24
10
97
11
312
39
41
47
197
159
10
25
151
82
163
63
17
78
10
30
160
10
38
62
104
24
155
143
64
75
10
10
117
11
76
99
38
55
195
227
242
54
10
38
22
43
310
23
157
50
15
140
63
56
104
26
15
10
62
136
10
10
133
224
89
145
80
261
48
110
78
18
149
149
52
13
54
10
137
20
211
100
80
25
131
24
19
100
153
28
117
50
65
33
11
22
27
40
53
16
80
10
10
76
10
29
37
78
92
10
26
34
39
100
62
110
10
10
14
10
21
25
71
20
10
91
30
97
59
64
53
44
25
36
10
37
10
50
68
15
10
34
19
59
10
10
10
54
106
11
49
26
44
96
16
156
14
10
44
144
10
10
58
22
163
19
10
10
72
13
21
14
37
22
121
158
10
115
24
23
38
187
10
10
117
103
99
18
10
18
22
10
10
81
35
15
10
13
39
25
56
13
22
10
17
10
25
36
74
24
10
184
90
17
47
59
10
59
10
45
52
17
154
52
17
10
34
64
10
10
57
10
137
10
62
18
61
86
10
67
26
10
15
123
20
107
21
10
15
22
10
10
10
10
52
36
15
63
10
10
10
41
77
35
62
35
27
56
23
10
25
33
31
56
20
28
10
10
181
51
34
10
41
82
25
62
10
83
40
21
25
12
10
10
10
10
10
11
10
10
10
10
34
15
10
24
19
45
11
10
10
10
10
10
30
10
25
10
17
29
26
10
133
18
10
12
54
17
19
10
39
25
28
43
10
10
212
25
86
69
12
14
52
103
17
36
43
107
10
87
10
169
164
19
19
18
18
18
18
18
18
18
18
18
18
18
18
18
18
18
18
18
18
18
18
18
18
17
17
17
17
17
17
17
17
17
17
17
17
17
17
17
17
17
17
17
17
17
17
17
17
17
17
17
17
17
17
17
17
17
17
17
17
17
17
17
17
17
50000
17
19
19
19
19
19
16
19
19
19
19
16
19
16
19
19
16
19
19
19
19
19
16
16
19
19
19
19
19
19
19
19
19
16
19
16
16
19
19
19
19
19
19
19
19
19
16
20
20
20
16
20
20
16
20
20
20
20
20
20
20
20
20
20
20
20
20
20
20
20
16
20
20
16
20
20
20
20
20
20
20
16
20
16
20
20
20
20
16
20
20
20
16
20
20
20
20
20
20
20
20
20
20
16
21
21
21
21
16
21
16
21
21
21
21
15
15
15
15
15
15
15
15
15
15
15
15
15
15
15
15
15
15
15
15
15
15
15
15
15
15
15
15
15
15
15
15
15
15
15
15
15
15
15
15
15
15
15
15
15
15
15
15
15
15
15
15
15
15
15
15
15
15
15
15
15
15
15
21
21
15
21
21
15
21
21
15
21
21
21
21
21
21
21
21
21
14
21
21
21
21
21
21
21
21
21
14
14
21
21
21
21
21
14
21
21
21
21
21
21
21
21
21
14
21
21
14
21
21
22
14
14
14
22
14
22
22
14
22
14
22
22
22
14
22
22
22
22
22
14
22
22
22
22
22
22
22
22
22
14
14
14
14
14
14
14
14
14
14
14
14
14
14
14
14
14
14
14
14
14
14
14
14
14
14
14
14
14
14
14
14
14
14
14
14
14
14
14
14
14
14
14
14
14
14
14
14
14
16666
22
22
22
14
22
22
22
14
22
22
22
13
22
22
22
22
22
22
22
22
22
22
22
22
22
22
22
22
22
13
22
22
23
23
23
13
23
23
23
23
23
13
23
23
23
23
23
23
23
23
23
23
13
13
13
13
13
13
13
13
13
13
13
13
13
13
13
23
23
23
23
23
23
23
23
23
23
23
23
13
23
23
13
13
23
23
23
23
23
23
23
23
23
23
23
23
24
24
24
24
13
24
13
24
24
24
13
13
13
13
13
13
13
13
13
13
13
13
13
13
13
13
13
13
13
13
13
24
13
24
24
24
13
13
24
24
13
13
24
24
24
24
24
24
24
24
24
24
24
24
24
24
24
24
24
24
13
13
13
13
13
13
13
13
13
13
13
13
13
13
13
13
13
13
13
13
13
7142
13
24
13
24
24
25
25
25
25
25
12
12
12
25
25
25
25
25
25
25
25
25
25
25
25
12
25
12
25
12
12
12
12
12
12
12
12
12
12
12
12
12
12
12
6250
25
25
25
12
25
25
25
12
12
25
25
12
26
26
26
26
26
12
12
12
12
12
12
12
12
12
12
12
12
12
12
12
12
26
26
26
26
26
26
12
26
26
26
26
26
12
26
12
12
12
12
12
12
12
12
12
12
12
12
5000
26
26
12
26
26
12
26
12
26
26
26
27
12
12
12
12
12
12
12
12
4545
27
27
27
27
27
27
27
12
27
27
27
27
12
12
12
12
12
12
12
12
12
12
12
12
12
27
27
27
27
12
12
27
27
27
27
27
27
27
27
27
27
27
27
28
12
28
12
12
12
12
12
12
12
12
12
12
12
3846
28
28
12
12
28
28
28
28
28
28
12
28
12
12
12
12
12
12
12
12
12
12
12
3571
28
28
28
28
28
28
28
28
28
12
12
11
11
11
11
11
11
11
28
28
28
28
29
29
29
11
29
11
11
11
11
11
11
11
11
11
11
29
29
29
29
11
29
29
29
29
29
11
11
11
11
29
29
29
11
29
29
29
11
11
11
11
11
29
29
30
11
11
30
30
30
30
30
30
11
30
11
30
11
11
11
30
30
30
30
30
30
30
30
30
11
30
11
30
30
30
30
11
11
11
11
11
11
11
11
11
2500
30
30
11
31
11
31
31
31
11
31
31
31
31
11
11
11
11
31
31
31
31
31
31
31
11
11
11
11
11
11
11
11
11
11
11
31
31
31
31
31
31
31
11
11
11
11
11
11
11
11
11
32
32
32
32
32
32
32
32
11
32
32
11
32
32
11
11
11
11
32
32
32
32
33
33
11
11
11
11
11
11
11
11
11
11
33
33
33
11
33
33
33
33
33
33
11
33
33
11
11
11
11
33
33
33
11
11
11
11
11
11
11
33
11
11
11
34
34
34
34
34
11
34
34
34
34
11
11
1666
34
35
35
11
35
35
35
35
35
11
11
11
35
35
35
11
11
11
1515
36
11
36
11
36
36
23
11
11
11
11
11
1470
36
36
36
36
36
36
36
11
11
11
11
1428
36
37
37
37
11
11
11
37
37
11
37
11
11
37
37
11
1315
37
10
10
1282
37
37
37
38
10
10
1250
38
38
38
10
10
10
1219
38
38
38
38
10
1190
38
38
39
39
39
10
10
10
39
39
10
39
39
39
10
10
39
10
39
39
39
10
10
40
40
10
10
10
10
40
40
41
41
41
41
10
10
10
41
41
41
41
41
41
41
10
10
41
41
42
42
42
42
10
925
42
42
42
42
10
909
10
42
10
43
43
10
847
43
43
25
12
10
10
10
10
10
43
44
42
10
793
44
44
44
781
44
44
45
41
10
45
45
45
10
10
46
10
10
32
10
23
11
10
10
10
46
46
10
684
47
47
47
10
675
47
47
666
47
21
43
19
48
10
48
48
48
46
10
49
49
49
49
49
50
50
10
595
50
10
10
588
50
50
10
51
19
10
51
51
51
51
52
10
10
555
52
52
549
53
53
53
55
55
56
15
10
10
10
56
56
28
57
57
57
17
57
10
10
58
38
58
10
10
495
58
60
60
10
60
862
61
10
64
19
10
66
31
48
62
59
67
561
10
67
61
36
10
68
69
10
420
10
406
72
73
16
10
10
373
55
75
78
78
86
76
349
88
79
53
88
10
344
26
94
94
94
13
107
31
114
13
73
45
177
12
121
85
95
122
122
123
114
71
125
34
183
68
34
57
127
23
45
34
34
45
11
10
66
33
55
11
53
129
31
255
85
240
185
60
256
526
107
86
87
182
10
102
10
136
102
136
37
87
45
10
69
128
68
10
77
17
34
101
19
73
101
33
81
246
32
55
92
98
98
60
359
12
324
105
79
120
10
32
384
115
165
304
87
27
97
10
59
139
34
280
73
32
14
23
167
10
76
85
370
44
10
63
13
84
271
10
108
192
13
367
125
135
113
118
125
226
10
15
10
58
10
10
87
24
172
118
97
22
24
26
46
80
28
10
141
160
181
35
10
55
130
179
69
54
18
66
35
67
17
10
10
10
24
32
156
26
48
116
10
18
40
84
64
100
30
51
11
27
32
84
91
61
31
31
31
31
31
31
31
31
31
31
31
31
31
31
31
31
31
31
31
31
31
31
31
31
31
31
31
31
31
31
31
31
31
31
31
31
31
31
31
31
31
31
31
31
31
31
31
31
31
31
31
31
31
31
31
31
31
31
31
31
31
31
31
31
31
31
31
31
31
31
31
31
31
31
31
31
31
31
31
31
31
31
31
31
31
31
31
21
31
31
31
21
21
31
21
31
31
21
21
31
21
21
31
21
21
31
21
21
31
21
31
31
21
31
21
31
31
21
31
31
31
31
21
21
21
31
31
31
31
31
31
31
21
31
21
21
31
21
31
21
31
31
21
31
31
31
21
31
21
21
31
21
21
21
31
31
21
21
31
31
31
31
31
31
31
31
21
21
31
21
21
21
31
31
31
21
21
31
31
21
21
21
21
31
31
31
21
31
31
21
31
31
31
31
31
21
21
21
21
21
21
21
21
21
21
21
21
21
21
21
21
21
21
21
21
21
21
21
21
21
21
21
21
21
21
21
21
21
21
21
21
21
21
21
21
21
21
21
21
21
21
21
21
21
21
21
21
21
21
20
20
20
31
20
31
20
20
20
20
20
20
20
31
31
20
31
31
20
20
31
20
31
20
31
31
31
20
31
31
20
31
20
20
20
31
31
20
31
20
20
20
31
31
20
31
20
20
20
20
31
20
31
31
20
31
20
20
20
20
20
20
20
20
20
20
20
20
20
20
20
20
20
20
20
20
20
20
20
20
20
20
20
20
20
20
20
20
20
20
20
20
20
20
20
20
20
20
20
20
20
20
20
20
20
20
20
20
20
20
20
20
20
20
31
31
20
20
20
20
20
31
20
20
20
31
20
31
31
31
20
20
31
31
20
20
31
20
31
20
31
20
31
31
20
20
31
31
31
20
20
31
31
20
20
31
20
20
20
20
20
20
20
20
20
20
20
20
20
20
20
20
50000
20
20
31
31
31
31
31
20
20
31
31
20
20
31
20
20
31
20
31
31
20
31
31
31
20
20
20
20
20
20
20
20
20
20
20
20
20
20
20
20
20
20
20
20
20
20
31
20
31
31
20
20
20
31
20
31
20
20
20
31
31
31
31
31
31
31
20
20
20
20
20
20
20
20
20
20
20
20
20
20
20
20
20
20
31
31
31
20
31
31
20
31
31
20
20
20
31
20
31
31
20
31
20
20
20
20
20
20
20
20
20
31
31
31
31
31
20
31
31
31
31
31
31
32
32
20
32
32
20
20
20
20
20
20
20
20
20
20
20
16666
32
32
20
20
20
32
32
32
20
32
20
32
20
32
20
20
32
20
32
20
20
20
20
20
20
20
20
20
32
20
20
32
20
32
32
32
32
32
20
20
20
20
20
20
20
20
42
42
20
42
42
42
42
20
20
42
20
20
42
20
20
20
20
20
20
20
20
20
20
20
20
20
20
42
42
42
42
20
32
32
20
32
20
42
42
42
42
42
20
20
20
20
20
20
33
33
20
20
33
33
33
33
20
33
33
20
20
20
20
20
20
20
20
20
33
20
33
33
20
33
33
33
33
33
20
20
20
20
7142
33
33
33
43
43
43
20
20
43
20
20
20
20
20
20
20
20
6250
43
43
20
43
20
20
20
20
43
43
43
43
43
43
20
20
20
20
20
20
20
20
20
20
20
43
43
43
43
43
43
43
20
20
20
20
20
20
20
5000
43
20
43
43
20
20
20
43
20
43
43
20
20
20
20
20
20
20
20
4545
43
20
20
43
43
43
43
43
20
20
20
43
43
43
43
20
20
3846
20
43
43
20
43
43
20
43
20
20
20
20
20
20
20
20
20
20
3571
43
20
20
43
20
20
20
20
20
43
20
20
20
43
20
20
20
20
2500
43
20
43
20
43
20
43
20
20
20
2006
43
43
43
43
1936
43
43
43
20
43
21
20
20
20
20
20
20
20
43
43
43
20
20
20
20
20
1791
43
43
20
43
43
20
20
43
20
20
1733
43
43
43
43
43
20
20
43
43
20
1621
43
20
43
43
43
43
43
43
43
20
1574
20
43
43
43
43
43
43
43
43
43
43
20
20
20
20
20
20
20
20
20
43
43
20
43
20
20
20
20
20
43
43
43
43
20
20
20
20
20
1400
43
20
20
20
20
20
43
43
20
43
43
43
20
20
20
20
20
20
20
20
20
43
43
20
43
43
43
44
20
20
20
44
44
44
20
43
20
20
20
20
20
20
44
44
20
44
44
44
32
20
20
45
45
45
20
43
20
20
20
45
20
45
45
45
20
45
1219
45
20
20
20
45
45
20
43
20
1075
45
55
55
55
55
20
45
20
20
20
20
45
45
45
45
20
20
20
20
20
45
45
45
45
46
20
20
20
20
20
20
1006
46
46
20
20
968
986
20
46
46
20
20
949
56
56
56
56
20
20
20
56
20
20
900
20
56
56
20
20
885
56
20
20
20
20
20
20
20
56
56
56
56
56
56
20
848
56
825
56
56
56
56
56
33
20
782
20
57
20
57
57
20
20
20
764
57
57
57
57
20
20
57
57
57
57
20
57
20
20
20
748
57
57
20
20
728
57
20
20
717
20
700
57
20
20
57
57
57
57
57
57
20
57
57
57
56
31
56
56
20
670
57
20
57
57
663
57
57
654
57
20
57
20
57
20
20
616
57
57
57
57
57
57
57
588
57
57
57
31
57
20
58
58
58
43
58
58
59
59
59
543
59
60
60
20
20
534
70
70
645
20
528
61
61
61
20
71
71
519
71
71
31
20
60
71
72
72
73
73
73
73
73
73
20
20
73
20
74
20
20
74
74
20
74
20
20
20
20
481
20
475
74
21
21
74
74
74
74
31
467
74
20
456
74
74
76
76
76
623
43
76
74
76
20
76
78
20
57
78
78
78
20
20
416
78
20
20
20
413
78
79
74
79
56
45
20
394
89
89
80
46
43
95
75
43
375
20
20
42
95
95
74
99
100
95
377
100
101
92
59
119
119
119
20
120
92
20
20
355
366
121
43
118
96
195
57
192
57
127
343
20
127
126
46
126
77
138
57
391
43
94
119
121
118
31
43
99
71
98
118
71
56
189
57
20
31
31
199
56
20
74
31
204
205
31
43
74
187
142
74
489
142
74
20
80
80
95
20
339
257
95
74
98
20
116
95
43
57
116
58
56
206
209
179
20
77
95
265
96
46
99
277
77
210
148
44
31
71
57
498
74
20
31
42
147
143
33
201
119
94
31
125
60
74
97
212
180
57
151
32
56
253
71
129
120
151
118
31
337
46
281
20
114
31
43
125
272
43
332
89
72
71
812
111
190
46
21
43
60
20
92
20
306
211
463
43
150
258
147
95
334
57
111
70
95
94
43
77
20
71
20
112
151
71
56
43
143
75
1190
74
45
304
185
20
21
303
388
20
278
43
119
74
74
31
79
70
31
175
290
57
151
20
175
283
299
32
248
159
452
222
20
56
20
231
20
43
112
371
189
31
151
21
145
32
20
122
60
208
406
95
77
401
404
264
266
20
31
91
264
20
230
202
20
248
544
20
638
75
20
181
31
43
79
70
74
232
235
20
60
31
56
447
94
31
186
179
20
43
20
43
234
197
91
91
31
125
74
98
311
20
61
113
89
57
144
43
176
45
31
422
74
74
74
31
31
71
43
20
117
243
20
59
213
31
122
95
97
43
99
320
94
31
92
441
20
153
291
153
31
128
20
20
31
43
114
32
280
239
124
20
95
219
57
97
20
409
158
60
20
20
71
77
140
163
92
20
43
31
20
295
236
20
90
20
78
94
89
31
216
20
56
151
57
322
43
20
90
20
144
57
57
74
216
92
251
99
74
116
300
61
20
33
95
46
95
60
74
114
246
31
120
97
153
31
207
115
20
61
20
74
368
31
113
160
289
140
31
56
20
31
20
197
154
20
32
20
141
43
20
20
114
119
118
99
57
43
74
20
31
176
95
113
119
145
20
45
75
20
72
45
119
20
276
74
198
20
20
96
43
43
31
32
31
31
31
43
181
33
97
31
20
57
101
123
93
120
94
43
95
20
57
31
32
20
20
20
20
215
183
90
31
59
314
74
32
21
46
326
245
43
261
287
31
20
74
80
549
297
145
43
198
91
154
20
32
361
43
31
154
20
20
76
20
115
301
20
20
74
101
273
151
139
188
57
57
20
31
21
43
43
79
20
112
31
156
31
20
57
72
61
93
20
20
31
31
43
20
20
20
93
45
20
78
58
31
20
164
43
20
21
20
21
57
74
95
57
74
46
111
43
92
43
31
20
43
31
72
31
20
43
74
56
20
20
20
20
20
