0
1
2
3
4
5
7
10
11
12
13
15
18
19
20
23
24
25
28
29
30
32
33
34
37
40
41
42
43
44
47
49
50
51
53
54
55
56
57
60
62
64
66
67
70
72
73
74
75
79
80
82
83
84
86
90
94
96
97
98
100
102
103
104
108
109
110
113
114
119
120
122
123
124
125
128
129
130
131
132
134
137
138
141
142
143
145
146
149
150
151
153
154
157
159
161
162
167
174
176
177
178
179
180
184
186
187
189
192
193
195
197
198
199
206
215
221
222
223
226
227
231
234
235
236
237
240
241
242
244
246
247
248
250
255
256
258
260
262
265
268
270
271
273
275
278
279
280
285
286
291
292
294
295
303
304
305
306
311
312
316
320
322
323
325
326
329
332
337
339
341
342
344
352
353
359
361
366
370
371
373
375
376
377
378
381
382
387
388
391
392
393
396
400
402
403
404
408
409
415
416
418
419
422
423
425
428
429
430
432
437
441
444
446
447
449
450
452
456
461
462
465
466
468
470
471
475
479
482
483
484
487
488
490
494
498
501
503
505
511
515
520
523
526
530
535
541
542
545
547
548
549
550
552
553
554
555
558
561
563
564
566
567
568
570
571
573
579
580
587
588
589
591
592
593
594
604
608
609
622
624
625
627
628
630
631
632
634
638
639
640
642
645
648
652
653
654
655
656
660
663
664
667
668
670
673
674
678
680
681
683
684
686
687
689
693
696
697
700
701
702
703
713
714
720
727
730
731
733
742
751
752
757
759
761
764
765
767
770
773
775
777
778
784
788
790
791
797
798
802
803
804
805
808
812
813
814
820
827
830
834
844
847
849
850
851
856
858
861
864
865
866
867
874
875
876
880
882
885
886
887
890
896
897
900
914
915
920
923
926
934
935
937
938
939
941
944
946
947
948
949
951
952
958
960
962
968
969
970
972
974
977
980
982
987
994
995
996
997
1002
1016
1018
1022
1025
1027
1029
1033
1035
1036
1038
1039
1040
1049
1052
1053
1056
1060
1071
1081
1083
1084
1086
1091
1094
1105
1108
1112
1117
1119
1121
1125
1139
1141
1142
1148
1151
1154
1155
1162
1164
1168
1169
1170
1175
1192
1195
1196
1197
1203
1204
1205
1206
1211
1212
1215
1217
1218
1228
1229
1231
1238
1242
1244
1256
1260
1263
1265
1268
1269
1271
1272
1275
1276
1278
1279
1284
1287
1294
1303
1306
1307
1315
1325
1328
1330
1332
1336
1338
1343
1344
1345
1348
1349
1350
1353
1354
1357
1358
1360
1362
1363
1367
1368
1370
1379
1382
1384
1385
1386
1392
1393
1395
1396
1399
1404
1410
1412
1417
1418
1419
1422
1424
1425
1429
1433
1439
1447
1452
1455
1464
1468
1470
1471
1472
1481
1486
1492
1493
1498
1501
1504
1508
1512
1514
1515
1524
1525
1537
1538
1540
1543
1550
1551
1553
1558
1559
1564
1567
1568
1578
1579
1589
1591
1594
1595
1596
1601
1603
1606
1627
1630
1632
1635
1636
1637
1639
1647
1648
1655
1662
1664
1671
1689
1690
1693
1694
1696
1697
1709
1714
1716
1717
1722
1728
1729
1732
1738
1739
1743
1747
1749
1750
1753
1754
1755
1756
1758
1762
1765
1766
1772
1777
1778
1783
1790
1797
1800
1808
1809
1812
1815
1816
1820
1824
1829
1833
1840
1843
1852
1858
1859
1860
1862
1875
1878
1879
1881
1882
1885
1888
1894
1900
1904
1905
1909
1910
1913
1923
1929
1930
1931
1936
1940
1943
1949
1959
1960
1961
1963
1966
1977
1979
1984
1991
1992
1996
2003
2022
2025
2028
2029
2041
2043
2047
2051
2060
2061
2065
2076
2078
2079
2080
2081
2083
2087
2089
2095
2108
2113
2114
2116
2118
2119
2120
2130
2131
2132
2136
2139
2140
2146
2156
2164
2166
2172
2178
2193
2195
2197
2200
2203
2206
2207
2210
2211
2222
2231
2240
2243
2245
2247
2251
2252
2260
2274
2277
2278
2279
2285
2288
2293
2294
2298
2299
2302
2303
2315
2318
2319
2320
2328
2338
2339
2343
2344
2349
2359
2362
2372
2381
2385
2388
2389
2393
2395
2396
2398
2403
2405
2411
2413
2418
2419
2424
2426
2437
2441
2446
2452
2456
2459
2461
2462
2464
2466
2477
2484
2490
2506
2510
2514
2518
2519
2521
2525
2528
2529
2536
2538
2543
2551
2553
2554
2555
2558
2559
2563
2567
2573
2576
2579
2584
2592
2593
2596
2603
2618
2622
2633
2637
2638
2650
2656
2657
2661
2669
2671
2678
2685
2690
2695
2696
2709
2714
2725
2730
2732
2745
2751
2756
2761
2763
2764
2771
2772
2780
2792
2793
2808
2809
2814
2828
2836
2847
2853
2860
2861
2866
2876
2878
2882
2887
2893
2901
2906
2910
2913
2920
2936
2942
2948
2962
2966
2978
2980
2982
2988
2989
2991
2995
3003
3004
3008
3012
3028
3030
3040
3041
3043
3061
3066
3073
3076
3093
3095
3098
3105
3112
3113
3115
3117
3124
3126
3131
3143
3150
3163
3168
3174
3182
3184
3187
3197
3198
3205
3215
3218
3220
3222
3231
3235
3243
3244
3254
3256
3257
3261
3263
3272
3282
3293
3301
3303
3311
3313
3316
3317
3321
3323
3333
3334
3336
3342
3343
3346
3352
3358
3359
3364
3367
3375
3376
3377
3382
3392
3399
3400
3402
3413
3416
3417
3423
3429
3434
3437
3451
3455
3457
3459
3460
3464
3476
3481
3483
3485
3486
3492
3495
3498
3502
3503
3508
3515
3516
3517
3518
3524
3528
3534
3547
3561
3577
3583
3591
3600
3604
3620
3626
3627
3635
3636
3645
3651
3655
3668
3674
3684
3685
3722
3728
3735
3739
3745
3748
3749
3752
3756
3762
3785
3792
3807
3815
3824
3831
3835
3849
3850
3863
3872
3884
3890
3905
3908
3910
3919
3922
3924
3925
3929
3937
3943
3954
3955
3961
3963
3967
3970
3974
3975
3980
3983
3986
3991
4009
4016
4018
4019
4027
4030
4037
4045
4046
4048
4053
4058
4060
4064
4065
4069
4078
4081
4083
4086
4096
4099
4107
4109
4111
4112
4113
4121
4130
4132
4144
4150
4157
4165
4168
4170
4173
4175
4177
4178
4179
4183
4185
4186
4187
4192
4195
4199
4200
4201
4214
4219
4220
4221
4222
4223
4226
4239
4244
4245
4246
4247
4258
4259
4268
4269
4271
4273
4275
4277
4280
4287
4288
4290
4295
4296
4297
4305
4307
4312
4313
4316
4318
4325
4330
4331
4338
4340
4345
4348
4351
4356
4357
4361
4366
4368
4369
4371
4374
4375
4383
4385
4386
4388
4391
4392
4395
4397
4398
4402
4403
4405
4406
4409
4412
4414
4416
4417
4418
4419
4422
4423
4428
4431
4432
4433
4434
4435
4439
4441
4442
4444
4445
4446
4448
4452
4453
4457
4459
4460
4461
4462
4464
4466
4467
4469
4470
4472
4473
4474
4475
4477
4478
4481
4482
4483
4484
4485
4486
4487
4490
4503
4504
4506
4507
4509
4511
4512
4515
4518
4520
4521
4523
4524
4526
4527
4531
4532
4533
4535
4538
4539
4540
4542
4543
4546
4547
4548
4549
4550
4552
4556
4557
4558
4561
4563
4565
4566
4567
4570
4573
4574
4575
4576
4577
4579
4580
4581
4583
4584
4585
4586
4589
4590
4591
4592
4594
4596
4597
4598
4599
4602
4607
4608
4609
4610
4611
4614
4615
4616
4618
4620
4621
4623
4624
4625
4626
4628
4630
4631
4633
4634
4636
4637
4638
4639
4640
4642
4643
4644
4649
4651
4653
4654
4655
4657
4662
4664
4666
4667
4668
4669
4670
4672
4673
4675
4676
4677
4679
4680
4681
4682
4684
4685
4686
4688
4690
4691
4693
4695
4697
4699
4700
4702
4703
4705
4706
4707
4708
4709
4710
4711
4712
4713
4715
4716
4718
4719
4721
4722
4723
4724
4725
4727
4728
4729
4730
4732
4733
4734
4736
4737
4738
4739
4740
4741
4742
4743
4744
4747
4750
4751
4752
4753
4754
4755
4757
4759
4761
4762
4763
4764
4765
4766
4767
4768
4769
4771
4772
4773
4775
4776
4777
4779
4780
4781
4782
4783
4784
4787
4788
4789
4790
4793
4794
4795
4796
4797
4798
4799
4800
4801
4802
4804
4805
4806
4807
4808
4809
4810
4811
4812
4813
4814
4815
4816
4817
4818
4819
4820
4821
4822
4823
4824
4826
4827
4828
4829
4830
4831
4832
4833
4834
4835
4836
4839
4840
4841
4842
4843
4844
4845
4847
4848
4849
4850
4851
4852
4853
4856
4857
4858
4859
4861
4862
4863
4864
4866
4867
4868
4869
4870
4871
4872
4873
4874
4875
4876
4877
4880
4881
4882
4883
4884
4886
4887
4888
4889
4890
4891
4892
4894
4895
4896
4897
4898
4899
4900
4901
4902
4903
4904
4905
4906
4908
4909
4910
4911
4912
4913
4914
4915
4916
4918
4920
4921
4922
4923
4924
4925
4926
4927
4928
4930
4931
4932
4933
4934
4935
4936
4937
4938
4939
4940
4941
4942
4943
4944
4945
4947
4948
4949
4950
4951
4952
4953
4954
4955
4956
4957
4958
4959
4960
4961
4962
4963
4964
4965
4967
4968
4969
4970
4971
4972
4975
4976
4977
4978
4979
4980
4981
4982
4983
4984
4985
4986
4987
4988
4989
4990
4991
4993
4994
4995
4996
4998
4999
307 1394
1208 1838
1657 2198
1752 2246
1914 2333
1965 2379
2099 2465
2158 2507
2432 2582
2721 2614
2784 2641
2802 2684
2826 2705
2869 2731
2889 2753
2909 2845
2930 2985
2947 3942
3102 3009
3114 3063
3484 3072
3145 3069
3173 3087
3183 3121
3267 3132
3277 3164
3284 3167
3345 3885
3351 3188
3530 3204
3385 3234
3394 3242
3799 3253
3462 3259
3552 3297
3566 3305
3969 3310
3599 3418
4128 4049
4198 3555
3926 3331
3614 3366
3625 4505
3938 3403
3995 4041
4051 3411
4162 3427
3798 3447
3766 3812
3896 3753
3773 3511
4243 3514
4189 3539
3782 3902
3712 3544
3808 3993
4401 4073
4500 4153
3671 4116
4303 2641
4101 3574
3978 3580
4400 4193
4698 4020
4399 4024
4043 4023
3823 3590
3834 3694
4229 3956
4498 3637
3763 3611
3857 4005
3720 4308
3699 3660
4202 4530
4238 3659
3688 3676
3682 2614
3687 3768
3677 3858
3950 3914
4237 3877
4315 4492
4748 4240
3971 2684
3654 4145
3691 4479
4230 4097
4181 2731
3644 3899
3801 2705
3945 3947
3820 3953
3826 4555
3873 4265
3881 3988
4846 4510
3911 4215
3912 2753
4025 4156
4327 3979
3681 4314
3633 4496
3634 3987
3638 3860
3903 4172
4992 3902
3615 3959
3623 3796
3804 4377
3838 3539
4003 4569
4298 3544
3610 3418
3803 3875
3679 3310
3767 3993
4124 4049
4152 4073
4791 4028
4973 3791
3889 4026
4379 4033
3617 4024
3949 3447
3605 4023
3606 4153
3866 4495
3613 3590
4118 3907
3603 3427
3585 3331
3661 3305
3880 3769
4059 3694
3571 3555
3695 3956
3549 3411
3854 3846
4508 4260
3545 4020
3713 3297
3862 4193
3527 3574
3535 2641
4587 3514
3512 3580
3740 3990
4536 3637
3499 4040
4838 3611
4147 4116
3523 4284
3489 4493
3537 3753
4997 3812
3469 4005
3470 4131
3482 3660
3788 4308
3915 3511
3526 4041
4042 3366
3448 4174
3454 4530
3465 4216
4272 4066
3438 4087
3439 4063
3441 3994
3443 3999
3719 3659
3420 4035
3432 3676
3433 3403
3412 4184
3419 2614
3601 3768
3744 3885
3900 3858
4451 4232
4525 4256
3396 4463
3404 3877
3406 3914
3619 4135
3759 3839
3380 3901
3390 3800
3391 3784
3362 4492
3369 4017
3370 4294
3373 4145
3378 2684
4865 4240
3340 3783
3341 4505
3347 3259
3353 3736
3354 3734
3324 3204
3328 4036
3335 3132
3337 3825
3338 3953
3306 4479
3312 4555
3314 3947
3315 3899
3522 3721
4720 4265
3270 2705
3274 2731
3275 4516
3278 3988
3281 4097
3287 4381
3225 4510
3255 4324
3262 4215
3318 4088
4373 3666
3196 4156
3210 2753
3211 4314
3212 3188
3670 4496
3724 3979
3729 3234
3845 3669
3170 3253
3177 3959
3179 3887
3181 4377
3189 3796
3190 3987
4140 3711
3134 4006
3136 3539
3152 4172
3154 4578
3165 3902
3295 3860
3092 3746
3094 3875
3097 3418
3100 4569
3104 4076
3106 3310
3107 3544
3108 3411
3122 3993
3171 3948
3048 4493
3050 4284
3051 4040
3054 3846
3070 3555
3071 3769
3074 3305
3077 3331
3078 4495
3081 4153
3082 4023
3088 3447
3089 4024
3199 4033
3015 4026
3019 4049
3033 4465
3047 4131
4778 4005
2952 3812
2956 3753
2957 4116
2967 3611
2969 3990
2971 3580
2972 3514
2979 2641
2987 3574
2996 3297
2999 4020
3000 4260
2902 3956
2914 3694
2915 3427
2917 3907
2932 3590
2933 4028
2935 4073
2937 4041
2949 3637
2950 4193
3453 3791
2832 4054
2834 4411
2835 4174
2848 3511
2849 4308
2852 3660
2863 3366
2865 3786
2870 3840
2891 3242
2892 4077
2899 4216
3836 4530
2785 4087
2787 4066
2789 4110
2790 4350
2803 4063
2804 3977
2805 3985
2807 3994
2811 4035
2815 3999
2816 4689
2827 4184
3540 3676
2726 3659
2727 3164
2733 2614
2735 3403
2738 4208
2740 4463
2746 4256
2754 3885
2759 3768
2766 3914
4415 3877
4562 4232
2687 3858
2691 4135
2697 4311
2700 3901
2701 3839
2707 3167
2710 3992
2711 3800
2713 4194
2724 4017
3709 4492
3718 3784
3725 3783
3726 4294
3871 3087
4047 4622
2597 3736
2599 3259
2615 4505
2617 4240
2619 2684
2621 4145
2623 3734
2624 4519
2625 4541
2626 3204
2630 4326
2632 4155
2634 4158
2644 4036
2646 4292
2647 4479
2672 3825
3741 3132
3882 3953
2546 4008
2549 4516
2550 2731
2552 2705
2556 3721
2557 3899
2560 3947
2561 4555
2564 3853
2565 3933
2570 4235
2571 4324
2585 4510
2590 4381
2591 4097
2594 3988
3238 4265
3897 3982
3960 4088
4072 4215
4694 4571
4929 3842
2438 3009
2442 2845
2443 3906
2444 2753
2447 4156
2449 3666
2451 3188
2453 4314
2467 3234
2468 3979
2470 4496
2475 3802
2476 3253
2481 3669
2483 3818
2508 3909
2511 4006
2512 3887
2515 3959
2517 3746
2522 4578
2524 4172
3520 3539
3650 3711
3765 3987
2340 3796
2345 4377
2347 4011
2350 4358
2352 4513
2354 4411
2357 4054
2360 4073
2363 4028
2380 3590
2383 3907
2386 3427
2387 3694
2390 3956
2391 4076
2394 4569
2397 3418
2399 3875
2401 3860
2407 3902
2408 4106
2412 4251
2414 3660
2433 4308
2434 3511
4854 4174
2213 3791
2215 4193
2217 3637
2220 4041
2250 4260
2253 4020
2255 3297
2258 3574
2261 2641
2263 3514
2264 3580
2266 3990
2272 3611
2300 4116
2306 3753
2307 3812
2310 4465
2312 4049
2316 4026
2334 3544
2336 3310
2070 3819
2072 3940
2102 3840
2104 3786
2111 3366
2112 4005
2121 4131
2122 4033
2123 4024
2124 3447
2127 4023
2159 4153
2161 4495
2162 3331
2165 3305
2167 3769
2169 3555
2174 3846
2177 4040
2181 4284
2199 4493
2201 3948
2208 3993
2209 3411
3435 4077
4380 3242
1942 3747
1968 3754
1971 4066
1972 4087
1973 4530
1975 4216
1982 4333
1986 4350
1989 4110
1990 4207
1993 4317
1995 3985
2033 3977
2034 4063
2035 4572
2037 3994
2048 3851
2050 3164
2053 3659
2054 4689
2055 3999
2057 4035
2059 3692
2063 4208
2064 3403
2067 2614
2068 3676
2069 4184
4004 4160
4885 3858
1789 3768
1793 3885
1794 4256
1796 4463
1801 3675
1839 3680
1842 4311
1847 4135
1851 4232
1856 3877
1863 3914
1865 3683
1867 3689
1870 3992
1873 3167
1876 3839
1880 3901
1916 3830
1918 3869
1921 4093
1924 4194
1926 3800
1933 3072
1935 4176
1939 3784
3631 4492
4365 4017
4714 4429
1669 4145
1673 2684
1676 4240
1677 4505
1678 3259
1683 3736
1684 4622
1685 3087
1691 4294
1692 3783
1695 4014
1698 4137
1700 4541
1701 4519
1702 3734
1705 4326
1706 3204
1710 3069
1712 3662
1760 3700
1763 4158
1767 4155
1771 4286
1773 4436
1779 4292
1784 4036
1786 3652
3155 3852
1463 3964
1467 4008
1473 3132
1474 3825
1478 4479
1482 3121
1483 3647
1484 3698
1541 3827
1544 4235
1545 3933
1547 3853
1554 4555
1555 3947
1561 3899
1563 3721 2705
1565 2731 4516
1566 3953 4355
1569 4372 3982
1571 4265 3988
1572 4097 4381
1575 4510 4324
1580 3646 4571
1581 4215 4088
1582 4339 3906
1584 2845 3009
1585 3842 3648
1597 3666 4156
1598 2753 4341
1604 4314 3188
1607 3664 3701
1608 3707 3855
1659 3802 4496
1661 3979 3234
1663 4129 3909
4301 3818 3669
4360 3253 3775
4659 3779 4264
1286 3940 3819
1288 4513 4358
1292 4011 4377
1295 3796 3959
1298 3887 4006
1302 4299 4554
1304 3754 3747
1309 3411 3993
1312 3948 4493
1314 4284 4040
1319 3846 3555
1322 3769 3305
1324 3331 4495
1326 4153 4023
1327 3447 4024
1331 4033 4131
1333 4005 3366
1337 3786 3840
1397 3310 3544
1398 4026 4049
1400 4465 3812
1403 3753 4116
1409 3611 3990
1413 3580 3514
1415 2641 3574
1420 3297 4020
1423 4260 4041
1426 3637 4193
1427 3791 4251
1430 4106 3902
1432 3860 3875
1434 3418 4569
1437 4076 3956
1440 3694 3427
1442 3907 3590
1443 4028 4073
1444 4054 4411
1445 3987 3711
1448 3539 4172
1451 4578 3746
1453 3864 4283
1456 4337 4333
1459 4216 4530
1461 4087 4066
2791 3242 4077
3246 4174 3511
3723 4308 3660
4091 4167 4317
998 4207 4110
1005 4350 4102
1007 4310 4354
1009 4572 4063
1012 3977 3985
1014 3932 4002
1017 4617 3851
1019 3994 3692
1021 4035 3999
1023 4689 3659
1026 3164 3886
1028 3917 4758
1030 3680 3675
1034 4463 4256
1045 3885 3768
1048 4160 4184
1050 3676 2614
1057 3403 4208
1058 3640 4427
1059 4568 3689
1061 3683 3914
1066 3877 4232
1210 4135 4311
1214 3858 3630
1219 3639 4093
1221 3869 3830
1223 3901 3839
1225 3167 3992
1227 3629 3704
1230 3795 4143
1232 4261 4342
1234 4176 3072
1236 3800 4194
1237 3706 3772
1239 4095 4137
1241 4014 3783
1243 4294 3087
1245 4622 3736
1248 3259 4505
1249 4240 2684
1250 4145 4429
1255 4017 4492
1257 3784 3063
1261 4139 4190
1262 3734 4519
1266 4541 3793
1267 3837 4291
1273 4420 3700
1277 3662 3069
1280 3204 4326
4352 3665 4389
661 3964 4436
662 4286 4155
669 4158 3621
671 3622 3790
676 3920 3827
679 3698 3647
685 3121 4479
688 3825 3132
690 4008 3852
868 3652 4036
870 4292 4278
872 4372 3953
877 4355 2731
881 4516 3721
883 2705 3899
889 3947 4555
891 3853 3933
894 4235 4021
895 4182 3646
898 4510 4324
901 4097 4381
903 4265 3988
905 3982 3607
906 3761 4138
908 4353 4339
918 4215 4088
919 4571 3632
921 4274 4440
924 3842 3648
925 2845 3009
927 3906 3770
928 3776 3913
929 4735 2753
933 4341 3666
936 4156 3828
942 3921 4146
945 4227 3707
953 3855 3664
955 3701 4314
956 3188 3697
959 4074 4437
961 4129 3979
966 3234 3802
971 4496 4430
973 4645 4663
975 4299 4554
978 3887 4006
981 3796 3959
984 4011 4377
990 4513 4358
992 3940 3819
3291 3779 4264
464 3253 3775
469 3818 3669
473 3909 3895
476 4151 4774
480 4337 3864
485 4283 4578
486 3746 3539
489 4172 3987
491 3711 4054
499 4411 4028
502 4073 3907
504 3590 3694
506 3427 4076
512 3956 3418
514 4569 3860
521 3875 4106
527 3902 3791
528 4251 3637
531 4193 4260
536 4041 3297
538 4020 2641
557 3574 3580
559 3514 3611
569 3990 3753
574 4116 4465
576 3812 4026
581 4049 3310
584 3544 3786
590 3840 4005
596 3366 4033
600 4131 3447
605 4024 4153
607 4023 3331
610 4495 3769
612 3305 3846
615 3555 4284
616 4040 3948
619 4493 3411
621 3993 3754
623 3747 3641
626 3653 4209
629 4257 4310
635 4354 4350
637 4102 4207
641 4110 4167
643 4308 3660
646 4174 3511
650 3242 4077
6 4087 4066
8 4216 4530
309 4333 4032
313 4089 4090
317 4517 4617
321 3932 4002
327 3977 3985
333 4572 4063
340 4317 4218
345 4248 4468
346 3994 3851
349 3594 3758
354 3760 4502
356 3917 4758
358 3164 3886
360 4689 3659
362 4035 3999
364 3692 3592
367 3593 3878
374 4057 4103
379 4228 4568
383 3640 4427
389 3403 4208
394 3676 2614
397 4160 4184
399 3885 3768
401 4463 4256
410 3680 3675
412 3582 3586
420 3972 4612
435 3639 3858
438 3630 4135
442 4311 3877
451 4232 3683
453 3914 3689
455 3563 3568
457 3569 3570
459 3575 3581
3304 4225 4674
3363 4261 4342
3504 3795 4143
3874 3629 3704
45 3167 3992
46 3901 3839
48 3869 3830
61 4093 3690
68 3789 3797
69 3927 4022
76 4206 4095
87 3706 3772
101 3800 4194
105 4176 3072
111 3550 3553
115 3554 3557
121 3559 3562
126 4551 4139
127 4190 3784
135 3063 4017
136 4492 4145
139 4429 4240
160 2684 3259
163 4505 4622 3736
165 4294 3087 4014
166 3783 4137 3608
4528 3941 4050 4363
4760 4420 3837 4291
169 4541 3793 3734
171 4519 3541 3546
172 3548 3966 4062
190 3920 3622 3790
191 4158 3621 4286
200 4155 3964 4436
201 3665 4389 3204
202 4326 3662 3069
203 3700 3519 3531
207 3532 3536 3732
208 4292 4278 3652
209 4036 4008 3852
210 3825 3132 3121
212 4479 3698 3647
216 3827 3743 4117
217 4119 4893 4182
220 4235 4021 3853
224 3933 3947 4555
228 2705 3899 4516
238 3721 4355 2731
243 4372 3953 3501
252 3584 3751 3755
253 3813 4120 4480
257 4564 4353 3761
261 4138 3982 3607
263 4265 3988 4097
266 4381 4510 4324
269 3646 3529 3628
272 3833 4282 4746
274 4274 4440 4571
276 3632 4215 4088
277 4339 3965 4254
281 4306 4346 4501
284 4735 3776 3913
287 3906 3770 2845
288 3009 3842 3648
289 3558 3771 4731
290 4227 3921 4146
293 4156 3828 4341
296 3666 2753 3487
300 3490 3496 3497
308 3944 4094 4263
3442 4378 4074 4437
3870 3188 3697 3701
4601 4314 3855 3664
328 3707 3471 3472
347 3473 3474 3475
350 3477 4151 4774
357 3909 3895 3818
368 3669 3253 3775
369 4645 4663 4496
411 4430 3234 3802
413 4129 3979 3467
414 3468 3879 4367
460 4635 4837 4517
474 4089 4090 4333
481 4032 4216 4530
539 4087 4066 4257
560 3653 4209 3747
597 3641 3993 3754
601 4493 3411 4040
613 3948 3555 4284
620 3305 3846 4495
651 3769 4023 3331
672 4024 4153 4131
677 3447 3366 4033
3596 3840 4005 3544
692 3786 4049 3310
694 3812 4026 4116
699 4465 3990 3753
704 3514 3611 3574
706 3580 4020 2641
707 4041 3297 4193
708 4260 4251 3637
709 3902 3791 3875
710 4106 4569 3860
716 3956 3418 3427
717 4076 3590 3694
722 4073 3907 4411
723 4028 3711 4054
724 4172 3987 3746
725 3539 4283 4578
726 4337 3864 3779
734 4264 3940 3819
735 4513 4358 4011
737 4377 3796 3959
739 3887 4006 4299
740 4554 3446 3449
741 3450 3466 3708
743 3847 4125 4248
746 4468 4317 4218
749 4572 4063 3977
753 3985 3932 4002
758 4617 3242 4077
760 4174 3511 4308
762 3660 4110 4167
766 4102 4207 4354
769 4350 4310 3440
774 3705 3810 3883
781 3930 3934 4205
782 3760 4502 3594
785 3758 3994 3851
792 3428 3430 3431
793 4100 4266 4302
796 4641 4228 4057
799 4103 3593 3878
801 3692 3592 4035
806 3999 4689 3659
807 3164 3886 3917
816 4758 3414 3415
817 3918 3973 4061
818 3972 4612 3582
819 3586 3680 3675
822 4463 4256 3885
828 3768 4160 4184
829 3676 2614 3403
831 4208 3640 4427
832 4568 3407 3408
833 3463 3832 3893
835 4015 4068 4196
837 4281 4206 3927
838 4022 3789 3797
839 4093 3690 3869
842 3830 3901 3839
852 3167 3992 4225
857 4674 3575 3581
859 3569 3570 3563
860 3568 3914 3689
862 4232 3683 4311
863 3877 3630 4135
871 3639 3858 3397
878 3398 3401 3405
884 3643 4134 4476
3421 4551 3559 3562
4255 3554 3557 3550
907 3553 4176 3072
930 3800 4194 3706
931 3772 4095 3629
954 3704 3795 4143
979 4261 4342 3386
985 3387 3388 3393
999 3395 3780 4678
1000 3548 3966 4062
1001 4519 3541 3546
1006 4541 3793 3734
1010 3941 4050 4363
1013 3783 4137 3608
1020 4294 3087 4014
1031 4505 4622 3736
1067 2684 3259 4429
1068 4240 4492 4145
1069 3063 4017 4190
1072 3784 4139 3368
1075 3371 3372 3379
1076 3778 4188 4253
1080 3532 3536 3732
1082 3700 3519 3531
1088 4326 3662 3069
1092 3665 4389 3204
1093 4155 3964 4436
1096 4158 3621 4286 3920
1101 3622 3790 4420 3837
1102 4291 3348 3356 3357
1103 3360 3361 3567 4343
1109 4588 4119 4893 3827
1110 3743 4117 4479 3698
1120 3647 3825 3132 3121
1122 4036 4008 3852 4292
1124 4278 3652 3319 3325
1126 3327 3332 3339 3673
1131 3841 4582 4564 3813
1133 4120 4480 3584 3751
1134 3755 4372 3953 3501
1135 3721 4355 2731 2705
1136 3899 4516 3933 3947
1138 4555 4235 4021 3853
1140 4182 3302 3307 3308
1143 4105 4252 4726 4745
1150 3833 4282 4746 3646
1152 3529 3628 4381 4510
1153 4324 4265 3988 4097
1158 4138 3982 3607 4353
1159 3761 3269 3271 3273
1163 3279 3280 3285 3286
1165 3288 3298 3300 3811
1166 3981 4447 4306 4346
1171 4501 4339 3965 4254
1172 3632 4215 4088 4274
1176 4440 4571 3221 3223
1177 3224 3227 3236 3237
1180 3245 3260 3268 3693
1183 3714 4425 4632 3558
1184 3771 4731 3009 3842
1187 3648 3906 3770 2845
1190 4735 3776 3913 3192
1193 3194 3195 3206 3207
1198 3208 3209 3219 3667
1202 3916 4236 3477 3473
1220 3474 3475 3707 3471
1226 3472 4378 3944 4094
4079 4263 3490 3496 3497
1233 3666 2753 3487 4156
1274 3828 4341 4227 3921
1293 4146 3166 3169 3175
1310 3176 3178 3180 3727
1346 3844 3997 4234 3847
1347 4125 3450 3466 3708
1351 4554 3446 3449 3887
1361 4006 4299 4377 3796
1369 3959 4513 4358 4011
1371 4264 3940 3819 4337
1372 3864 3779 3539 4283
1373 4578 4172 3987 3746
1374 4028 3711 4054 4073
1377 3907 4411 4076 3590
1380 3694 3956 3418 3427
1381 4106 4569 3860 3902
1383 3791 3875 4260 4251
1388 3637 4041 3297 4193
1389 3580 4020 2641 3514
1431 3611 3574 4465 3990
1435 3753 3812 4026 4116
1436 3786 4049 3310 4635
1475 4837 3468 3879 4367
1479 4129 3979 3467 4430
1487 3234 3802 4645 4663
1488 4496 3669 3253 3775
1489 3909 3895 3818 4151
1490 4774 4314 3855 3664
1491 3188 3697 3701 4074
1494 4437 3127 3133 3146
1499 3147 3148 3149 3151
1500 3153 3289 3292 3294
1502 3710 3781 3930 3934
1503 4205 3705 3810 3883
1509 4350 4310 3440 4102
1510 4207 4354 3660 4110
1511 4167 4174 3511 4308
1518 4617 3242 4077 3985
1519 3932 4002 4572 4063
1520 3977 4468 4317 4218
1522 4248 3840 4005 3544
1527 3447 3366 4033 4024
1528 4153 4131 3769 4023
1529 3331 3305 3846 4495 3948
1531 3555 4284 4493 3411 4040
1542 3641 3993 3754 3653 4209
1548 3747 4087 4066 4257 4032
1549 4216 4530 4089 4090 4333
1556 4517 3090 3091 3096 3099
1557 3116 3125 3587 3935 4071
1613 4320 4907 4641 4100 4266
1614 4302 3428 3430 3431 3758
1616 3994 3851 3760 4502 3594
1617 3049 3064 3065 3079 3080
1618 3595 3686 3859 4276 4491
1621 3918 3973 4061 4758 3414
1623 3415 3164 3886 3917 3999
1624 4689 3659 3692 3592 4035
1626 4103 3593 3878 4228 4057
1628 3010 3011 3013 3014 3016
1633 3018 3029 3031 3032 3034
1634 3042 3044 3045 3046 3588
1638 3794 3888 3946 4362 4665
1640 4749 4281 4015 4068 4196
1643 3463 3832 3893 4568 3407
1644 3408 4208 3640 4427 3676
1645 2614 3403 3768 4160 4184
1651 4463 4256 3885 3586 3680
1652 3675 3972 4612 3582 2951
1653 2953 2954 2968 2974 2975
1654 2976 2981 2986 2997 2998
1658 4114 4370 3395 3780 4678
1660 3387 3388 3393 4261 4342
3642 3386 3704 3795 4143 3772
3657 4095 3629 3800 4194 3706
4148 3553 4176 3072 3643 4134
4197 4476 3398 3401 3405 3639
1679 3858 3397 3877 3630 4135
1680 4232 3683 4311 3568 3914
1681 3689 3569 3570 3563 4674
1707 3575 3581 3167 3992 4225
1711 3830 3901 3839 4093 3690
1718 3869 4022 3789 3797 4206
1719 3927 2900 2911 2912 2916
1721 2931 2934 2939 2940 2941
1723 3805 3778 4188 4253 3371
1725 3372 3379 3784 4139 3368
1727 3063 4017 4190 4240 4492
1730 4145 2684 3259 4429 4505
1731 4622 3736 4294 3087 4014
1733 3783 4137 3608 3941 4050
1734 4363 4541 3793 3734 4519
1742 3541 3546 3548 3966 4062
1744 3554 3557 3550 4551 3559
1745 3562 2830 2831 2833 2846
1746 2862 2864 2871 2872 2873
1748 2890 2894 2896 2897 2898
1768 3389 4108 4393 4603 4588
1780 3360 3361 3567 4343 4291
1781 3348 3356 3357 3622 3790
1787 4420 3837 4158 3621 4286
1802 3920 4155 3964 4436 3665
1803 4389 3204 4326 3662 3069
1805 3700 3519 3531 3532 3536
1806 3732 2770 2773 2806 2810
1810 2813 2829 4082 4241 4494
1814 4534 4803 3841 4582 3327
1818 3332 3339 3673 4278 3652
1819 3319 3325 4036 4008 3852
1823 4292 3647 3825 3132 3121
1825 3743 4117 4479 3698 4119 4893
1830 3827 2734 2737 2739 2741 2742
1831 2743 2744 2748 2757 2758 2760
1832 2762 2765 2767 2768 2769 3696
1834 4056 4085 4211 4105 4252 4726
1835 4745 4182 3302 3307 3308 4555
1836 4235 4021 3853 3899 4516 3933
1864 3947 3721 4355 2731 2705 3755
1877 4372 3953 3501 4120 4480 3584
1884 3751 4564 3813 2675 2686 2688
1886 2692 2693 2699 2706 2708 2712
1887 2715 2716 2722 2723 3602 3703
1889 3876 3939 3981 4447 3288 3298
1892 3300 3811 3279 3280 3285 3286
1895 3761 3269 3271 3273 4138 3982
1897 3607 4353 4324 4265 3988 4097
1901 3529 3628 4381 4510 3833 4282
1902 4746 3646 2598 2616 2627 2628
1903 2629 2642 2643 2645 2649 2670
1908 2674 3556 3663 3742 3868 4001
1911 4142 4344 4692 4770 3714 4425
1919 4632 3245 3260 3268 3693 3224
1925 3227 3236 3237 4440 4571 3221
1927 3223 3632 4215 4088 4274 4501
1944 4339 3965 4254 4306 4346 2544
1946 2568 2583 2587 2589 2919 3002
1948 3892 4334 4514 4785 3844 3997
1951 4234 3176 3178 3180 3727 4146
1953 3166 3169 3175 3828 4341 4227
1957 3921 3666 2753 3487 4156 3916
1962 4236 3208 3209 3219 3667 3194
1964 3195 3206 3207 4735 3776 3913
1987 3192 3648 3906 3770 2845 3771
1999 4731 3009 3842 3558 2440 2448
2000 2450 2471 2472 2474 2478 2480
2001 2509 2520 2958 3609 3904 4604
2002 4656 3710 3781 3153 3289 3292
2006 3294 3147 3148 3149 3151 4437
2007 3127 3133 3146 3188 3697 3701
2008 4074 4774 4314 3855 3664 3909
2013 3895 3818 4151 4496 3669 3253
2015 3775 3234 3802 4645 4663 4129 3979
2017 3467 4430 4837 3468 3879 4367 3786
2023 4049 3310 4635 3753 3812 4026 4116
2024 3611 3574 4465 3990 3580 4020 2641
2026 3514 3637 4041 3297 4193 3791 3875
2038 4260 4251 4106 4569 3860 3902 3694
2039 3956 3418 3427 3907 4411 4076 3590
2071 4028 3711 4054 4073 4578 4172 3987
2073 3746 3864 3779 3539 4283 4264 3940
2077 3819 4337 3959 4513 4358 4011 4006
2082 4299 4377 3796 4554 3446 3449 3887
2084 4125 3450 3466 3708 3847 4263 3490
2086 3496 3497 3472 4378 3944 4094 3474
2091 3475 3707 3471 3477 3473 2346 2348
2092 2356 2365 2366 2382 2404 2406 2409
2093 2410 2415 2436 3777 3962 4438 4320
2096 4907 3116 3125 3587 3935 4071 4517
2097 3090 3091 3096 3099 4216 4530 4089
2098 4090 4333 3747 4087 4066 4257 4032
2105 3641 3993 3754 3653 4209 3555 4284
2106 4493 3411 4040 3331 3305 3846 4495
2125 3948 4153 4131 3769 4023 3447 3366
2133 4033 4024 4248 3840 4005 3544 3977
2134 4468 4317 4218 3932 4002 4572 4063
2138 4617 3242 4077 3985 4167 4174 3511
2142 4308 4207 4354 3660 4110 4350 4310
2147 3440 4102 4205 3705 3810 3883 3930
2148 3934 2212 2214 2216 2223 2248 2249
2149 2256 2268 2269 2270 2271 2273 2275
2151 2301 2304 2305 2309 2311 2313 2314
2152 2335 3923 4126 4166 4390 4410 4878
2153 3595 3686 3859 4276 4491 3049 3064
2157 3065 3079 3080 3994 3851 3760 4502
2182 3594 4302 3428 3430 3431 3758 4641
2183 4100 4266 2100 2101 2109 2110 2115
3156 2117 2128 2129 2160 2168 2170 2173
3672 2175 2176 2179 2180 2202 2204 2205
3936 3185 3822 4270 4413 4749 3794 3888
2187 3946 4362 4665 3042 3044 3045 3046
2188 3588 3018 3029 3031 3032 3034 3010
2189 3011 3013 3014 3016 4103 3593 3878
2190 4228 4057 4689 3659 3692 3592 4035
2191 3415 3164 3886 3917 3999 3918 3973
2194 4061 4758 3414 1967 1969 1974 1976
2196 1978 1980 1985 1997 2030 2031 2032 2036
2218 2042 2044 2046 2052 2056 2058 2062 2066
2226 3618 3817 3843 3989 4329 4529 3805 2931
2228 2934 2939 2940 2941 3927 2900 2911 2912
2230 2916 3869 4022 3789 3797 4206 3830 3901
2232 3839 4093 3690 3575 3581 3167 3992 4225
2234 3689 3569 3570 3563 4674 4232 3683 4311
2235 3568 3914 3858 3397 3877 3630 4135 4114
2236 4370 2976 2981 2986 2997 2998 2953 2954
2238 2968 2974 2975 3675 3972 4612 3582 2951
2239 4463 4256 3885 3586 3680 2614 3403 3768
2244 4160 4184 3408 4208 3640 4427 3676 3463
2259 3832 3893 4568 3407 4281 4015 4068 4196
2280 1791 1792 1798 1799 1841 1844 1849 1850
2281 1853 1855 1861 1868 1872 1883 1915 1922
2291 1932 1934 1937 1938 1941 2943 4012 4171
2297 4396 4450 4488 3389 4108 4393 4603 2890
2308 2894 2896 2897 2898 2862 2864 2871 2872
2317 2873 3562 2830 2831 2833 2846 3554 3557
2321 3550 4551 3559 3541 3546 3548 3966 4062
2326 4363 4541 3793 3734 4519 3783 4137 3608
2329 3941 4050 4622 3736 4294 3087 4014 4145
2332 2684 3259 4429 4505 3063 4017 4190 4240
2341 4492 3372 3379 3784 4139 3368 3778 4188
2342 4253 3371 4476 3398 3401 3405 3639 3553
2358 4176 3072 3643 4134 4095 3629 3800 4194
2361 3706 3386 3704 3795 4143 3772 3387 3388
2368 3393 4261 4342 3395 3780 4678 1665 1666
2370 1667 1670 1672 1675 1682 1699 1704 1708
2373 1715 1757 1759 1761 1764 1769 1774 1775 1776
2400 1782 1785 1788 3968 4231 4648 4786 4534 4803
2402 2813 2829 4082 4241 4494 3732 2770 2773 2806
2416 2810 3700 3519 3531 3532 3536 4389 3204 4326
2417 3662 3069 3920 4155 3964 4436 3665 4420 3837
2422 4158 3621 4286 3348 3356 3357 3622 3790 3360
2423 3361 3567 4343 4291 4588 1465 1466 1469 1539
2425 1552 1560 1574 1577 1588 1590 1592 1593 1599
2427 1600 1602 3702 4070 4123 4471 4056 4085 4211
2429 2762 2765 2767 2768 2769 3696 2743 2744 2748
2430 2757 2758 2760 3827 2734 2737 2739 2741 2742
2431 3743 4117 4479 3698 4119 4893 4292 3647 3825
2435 3132 3121 3319 3325 4036 4008 3852 3332 3339
2439 3673 4278 3652 3841 4582 3327 1291 1297 1300
2445 1305 1308 1316 1317 1318 1323 1329 1339 1405
2454 1406 1407 1408 1411 1421 1428 1446 1454 1458
2458 1460 3374 3716 3717 3976 4092 4322 4619 4825
2460 4855 3876 3939 2715 2716 2722 2723 3602 3703
2463 2692 2693 2699 2706 2708 2712 3751 4564 3813
2486 2675 2686 2688 4372 3953 3501 4120 4480 3584
2488 3947 3721 4355 2731 2705 3755 4235 4021 3853
2491 3899 4516 3933 4745 4182 3302 3307 3308 4555 4105
2493 4252 4726 1003 1004 1011 1037 1041 1043 1054 1062
2494 1063 1065 1213 1216 1247 1254 1259 1264 1270 1283
2495 1285 3290 4212 4349 4497 4142 4344 4692 4770 2674
2496 3556 3663 3742 3868 4001 2629 2642 2643 2645 2649
2497 2670 4746 3646 2598 2616 2627 2628 3529 3628 4381
2501 4510 3833 4282 3607 4353 4324 4265 3988 4097 3761
2502 3269 3271 3273 4138 3982 3300 3811 3279 3280 3285
2504 3286 3981 4447 3288 3298 657 659 665 666 675
2526 682 873 888 911 912 916 917 940 950 963
2530 964 965 976 983 988 4055 4075 4122 4159 4449
2531 3892 4334 4514 4785 2568 2583 2587 2589 2919 3002
2532 4339 3965 4254 4306 4346 2544 3223 3632 4215 4088
2534 4274 4501 3227 3236 3237 4440 4571 3221 4632 3245
2537 3260 3268 3693 3224 3714 4425 463 467 472 478
2540 495 497 507 508 510 513 516 518 524 533
2541 534 543 544 546 551 556 562 565 572 578
2542 586 595 598 603 606 633 636 644 649 3733
2562 3737 4293 4319 4650 4656 2509 2520 2958 3609 3904
2566 4604 2450 2471 2472 2474 2478 2480 4731 3009 3842
2572 3558 2440 2448 3192 3648 3906 3770 2845 3771 3195 3206
2574 3207 4735 3776 3913 4236 3208 3209 3219 3667 3194 3921
2575 3666 2753 3487 4156 3916 3166 3169 3175 3828 4341 4227
2578 4234 3176 3178 3180 3727 4146 3844 3997 9 14 16
2600 17 21 22 26 27 31 35 36 38 39 319
2601 324 330 335 338 343 355 372 385 395 405 406
2604 417 424 426 431 433 434 436 445 448 454 458
2605 3538 3806 4031 4394 4404 4537 4627 4683 2410 2415 2436
2607 3777 3962 4438 2356 2365 2366 2382 2404 2406 2409 3475
2609 3707 3471 3477 3473 2346 2348 3496 3497 3472 4378 3944
2610 4094 3474 4125 3450 3466 3708 3847 4263 3490 4299 4377
2611 3796 4554 3446 3449 3887 3819 4337 3959 4513 4358 4011
2612 4006 3746 3864 3779 3539 4283 4264 3940 4028 3711 4054
2613 4073 4578 4172 3987 3956 3418 3427 3907 4411 4076 3590
2620 4260 4251 4106 4569 3860 3902 3694 3514 3637 4041 3297
2631 4193 3791 3875 3611 3574 4465 3990 3580 4020 2641 4049
2635 3310 4635 3753 3812 4026 4116 3467 4430 4837 3468 3879
2636 4367 3786 3775 3234 3802 4645 4663 4129 3979 3895 3818
2639 4151 4496 3669 3253 4074 4774 4314 3855 3664 3909 3127
2640 3133 3146 3188 3697 3701 3294 3147 3148 3149 3151 4437
2658 3710 3781 3153 3289 3292 52 58 59 63 65 71
2660 77 78 81 85 88 89 91 92 93 95 99
2662 106 107 112 116 117 118 133 140 144 147 148
2663 152 155 156 158 164 3816 3829 3856 4007 4136 4149
2664 4309 4407 4408 4595 2335 3923 4126 4166 4390 4410 4878
2665 2301 2304 2305 2309 2311 2313 2314 2256 2268 2269 2270 2271
2667 2273 2275 3934 2212 2214 2216 2223 2248 2249 3440 4102 4205
2673 3705 3810 3883 3930 4308 4207 4354 3660 4110 4350 4310 4617
2677 3242 4077 3985 4167 4174 3511 4468 4317 4218 3932 4002 4572
2680 4063 4033 4024 4248 3840 4005 3544 3977 3948 4153 4131 3769
2703 4023 3447 3366 4493 3411 4040 3331 3305 3846 4495 3641 3993
2718 3754 3653 4209 3555 4284 4090 4333 3747 4087 4066 4257 4032
2719 3090 3091 3096 3099 4216 4530 4089 4907 3116 3125 3587 3935
2729 4071 4517 4320 168 170 173 175 181 182 183 185 188
2747 194 196 204 205 211 213 214 218 219 225 229 230
2750 232 233 239 245 249 251 254 259 264 267 282 283
2752 297 298 299 301 302 310 314 315 3452 3867 4115 4164
2777 4285 4421 3618 3817 3843 3989 4329 4529 2042 2044 2046 2052 2056
2779 2058 2062 2066 1978 1980 1985 1997 2030 2031 2032 2036 4061 4758
2782 3414 1967 1969 1974 1976 3415 3164 3886 3917 3999 3918 3973 4228
2786 4057 4689 3659 3692 3592 4035 3011 3013 3014 3016 4103 3593 3878
2788 3588 3018 3029 3031 3032 3034 3010 3946 4362 4665 3042 3044 3045
2794 3046 3185 3822 4270 4413 2175 2176 2179 2180 2202 2204 2205 2117
2795 2128 2129 2160 2168 2170 2173 4100 4266 2100 2101 2109 2110 2115
2798 3594 4302 3428 3430 3431 3758 4641 3065 3079 3080 3994 3851 3760
2799 4502 3595 3686 3859 4276 4491 3049 3064 318 331 334 336 348
2801 351 363 365 380 384 386 390 398 407 421 427 439 440
2818 443 477 492 493 496 500 509 517 519 522 525 529 532
2820 537 540 575 577 582 583 585 599 602 611 614 617 618
2823 647 658 2651 3521 3525 3891 3952 4010 4489 4600 4701 4717 4396
2824 4450 4488 1932 1934 1937 1938 1941 2943 4012 4171 1853 1855 1861
2839 1868 1872 1883 1915 1922 1791 1792 1798 1799 1841 1844 1849 1850
2842 3832 3893 4568 3407 4281 4015 4068 4196 4160 4184 3408 4208 3640
2843 4427 3676 3463 4463 4256 3885 3586 3680 2614 3403 3768 2968 2974 2975
2850 3675 3972 4612 3582 2951 4370 2976 2981 2986 2997 2998 2953 2954 3568
2855 3914 3858 3397 3877 3630 4135 4114 3689 3569 3570 3563 4674 4232 3683
2858 4311 3839 4093 3690 3575 3581 3167 3992 4225 2916 3869 4022 3789 3797
2868 4206 3830 3901 2934 2939 2940 2941 3927 2900 2911 2912 3805 2931 4749
3247 3794 3888 691 695 698 705 711 712 715 718 719 721 728 729
3730 732 736 738 744 745 747 748 750 754 755 756 763 768 771
3750 772 776 779 780 783 786 787 789 794 795 800 809 810 811
4879 815 821 823 824 825 826 836 840 841 843 845 846 848 853
2879 854 855 869 879 892 893 899 902 904 3264 3616 3928 3984 1782 1785
2883 1788 3968 4231 4648 4786 1715 1757 1759 1761 1764 1769 1774 1775 1776 1667
2904 1670 1672 1675 1682 1699 1704 1708 3393 4261 4342 3395 3780 4678 1665 1666
2908 3706 3386 3704 3795 4143 3772 3387 3388 4176 3072 3643 4134 4095 3629 3800
2926 4194 4253 3371 4476 3398 3401 3405 3639 3553 4492 3372 3379 3784 4139 3368 3778
2927 4188 2684 3259 4429 4505 3063 4017 4190 4240 3941 4050 4622 3736 4294 3087 4014
2928 4145 4363 4541 3793 3734 4519 3783 4137 3608 3550 4551 3559 3541 3546 3548 3966
2944 4062 2873 3562 2830 2831 2833 2846 3554 3557 2894 2896 2897 2898 2862 2864 2871 2872
2960 3389 4108 4393 4603 2890 909 910 913 922 932 943 957 967 986 989 991 993
2961 1008 1015 1024 1032 1042 1044 1046 1047 1051 1055 1064 1070 1073 1074 1077 1078 1079
2963 1085 1087 1089 1090 1095 1097 1098 1099 1100 1104 1106 1107 1111 1113 1114 1115 1116
2970 1118 1123 1127 1128 1129 1130 1132 1137 1144 1145 1146 1147 1149 1156 1157 1160 1161
2983 1167 1173 1174 1178 1179 1181 1182 1185 1186 1188 1189 1191 1194 1199 1200 1201 1207
2984 1209 1222 1224 2485 3576 3931 4029 4180 4242 1600 1602 3702 4070 4123 4471 1552 1560 1574
2994 1577 1588 1590 1592 1593 1599 3361 3567 4343 4291 4588 1465 1466 1469 1539 4158 3621 4286
3005 3348 3356 3357 3622 3790 3360 3662 3069 3920 4155 3964 4436 3665 4420 3837 2810 3700 3519
3007 3531 3532 3536 4389 3204 4326 2813 2829 4082 4241 4494 3732 2770 2773 2806 4534 4803 1235 1240
3021 1246 1251 1252 1253 1258 1281 1282 1289 1290 1296 1299 1301 1311 1313 1320 1321 1334 1335 1340
3022 1341 1342 1352 1355 1356 1359 1364 1365 1366 1375 1376 1378 1387 1390 1391 1401 1402 1414 1416
3026 1438 1441 1449 1450 1457 1462 1476 1477 1480 1485 1495 1496 1497 1505 1506 1507 1513 1516 1517
3027 1521 1523 1526 1530 1532 1533 1534 1535 1536 1546 1562 1570 1573 1576 1583 1586 1587 1605 1609
3055 1610 1611 1612 1615 1619 1620 1622 1625 1629 1631 1641 1642 1646 1649 1650 1656 2959 3578 4133
3056 4154 4191 4328 4336 4855 1460 3374 3716 3717 3976 4092 4322 4619 4825 1406 1407 1408 1411 1421 1428
3059 1446 1454 1458 1305 1308 1316 1317 1318 1323 1329 1339 1405 3673 4278 3652 3841 4582 3327 1291 1297
3084 1300 3132 3121 3319 3325 4036 4008 3852 3332 3339 3743 4117 4479 3698 4119 4893 4292 3647 3825 2757
3085 2758 2760 3827 2734 2737 2739 2741 2742 2762 2765 2767 2768 2769 3696 2743 2744 2748 4056 4085 4211
3101 1668 1674 1686 1687 1688 1703 1713 1720 1724 1726 1735 1736 1737 1740 1741 1751 1770 1795 1804 1807
3109 1811 1813 1817 1821 1822 1826 1827 1828 1837 1845 1846 1848 1854 1857 1866 1869 1871 1874 1890 1891
3119 1893 1896 1898 1899 1906 1907 1912 1917 1920 1928 1945 1947 1950 1952 1954 1955 1956 1958 1970 1981 1983
3129 1988 1994 1998 2004 2005 2009 2010 2011 2012 2014 2016 2018 2019 2020 2021 2027 2040 2045 2049 2074 2075
3138 2085 2088 2090 2094 2103 2107 2126 2135 2137 2141 2143 2144 2145 2150 2154 2155 2163 2171 2184 2185 2186
3158 3656 3658 3678 4163 4217 4267 1285 3290 4212 4349 4497 1063 1065 1213 1216 1247 1254 1259 1264 1270 1283
3159 4252 4726 1003 1004 1011 1037 1041 1043 1054 1062 3899 4516 3933 4745 4182 3302 3307 3308 4555 4105 3947
3160 3721 4355 2731 2705 3755 4235 4021 3853 2675 2686 2688 4372 3953 3501 4120 4480 3584 2692 2693 2699 2706
3161 2708 2712 3751 4564 3813 3876 3939 2715 2716 2722 2723 3602 3703 2192 2219 2221 2224 2225 2227 2229 2233 2237
3162 2241 2242 2254 2257 2262 2265 2267 2276 2282 2283 2284 2286 2287 2289 2290 2292 2295 2296 2322 2323 2324 2325 2327
3172 2330 2331 2337 2351 2353 2355 2364 2367 2369 2371 2374 2375 2376 2377 2378 2384 2392 2420 2421 2428 2455 2457 2469
3200 2473 2479 2482 2487 2489 2492 2498 2499 2500 2503 2505 2513 2516 2523 2527 2533 2535 2539 2545 2547 2548 2569 2577
3214 2580 2581 2586 2588 2595 2602 2606 2608 2648 2652 2653 2654 2655 2659 2666 2668 2676 2679 2681 2682 2683 2689 2694 2698
3216 2702 2704 2717 2720 2728 2736 2749 2755 2774 2775 2776 2778 2781 2783 2796 2797 2800 2812 2817 2819 2821 2822 2825 2837
3232 2838 2840 2841 2844 2851 2854 2856 2857 2859 2867 2874 2875 3715 3731 3757 3996 4038 4233 4347 4443 4917 964 965 976
3233 983 988 4055 4075 4122 4159 4449 682 873 888 911 912 916 917 940 950 963 3286 3981 4447 3288 3298 657 659
3240 665 666 675 3269 3271 3273 4138 3982 3300 3811 3279 3280 3285 4510 3833 4282 3607 4353 4324 4265 3988 4097 3761 2670
3248 4746 3646 2598 2616 2627 2628 3529 3628 4381 3556 3663 3742 3868 4001 2629 2642 2643 2645 2649 4142 4344 4692 4770 2674 2877
3249 2880 2881 2884 2885 2886 2888 2895 2903 2905 2907 2918 2921 2922 2923 2924 2925 2929 2938 2945 2946 2955 2964 2965 2973 2977
3251 2990 2992 2993 3001 3006 3017 3020 3023 3024 3025 3035 3036 3037 3038 3039 3052 3053 3057 3058 3060 3062 3067 3068 3075 3083 3086
3265 3103 3110 3111 3118 3120 3123 3128 3130 3135 3137 3139 3140 3141 3142 3144 3157 3186 3191 3193 3201 3202 3203 3213 3217 3226 3228
3276 3229 3230 3239 3241 3250 3252 3258 3266 3283 3296 3299 3322 3326 3329 3330 3384 3409 3410 3424 3436 3458 3479 3480 3488 3491 3494 3500
3309 3505 3507 3509 3510 3513 3542 3560 3565 3572 3573 3579 3589 3612 3649 3764 3774 3787 3814 3861 3894 3898 3951 3958 3998 4000 4013 4034
3320 4044 4052 4067 4080 4084 4098 4127 4161 4203 4204 4210 4213 4224 4249 4300 4304 4321 4323 4332 4335 4359 4364 4376 4382 4387 4424 4454
3344 4455 4456 4458 4499 4522 4544 4545 4553 4559 4560 4593 4613 4629 4646 4647 4658 4660 4661 4671 4687 4696 4704 4792 4860 4919 4946 4966 4974
3349 3737 4293 4319 4650 586 595 598 603 606 633 636 644 649 3733 534 543 544 546 551 556 562 565 572 578 495 497 507 508 510
3350 513 516 518 524 533 3260 3268 3693 3224 3714 4425 463 467 472 478 4274 4501 3227 3236 3237 4440 4571 3221 4632 3245 4339 3965 4254 4306
3355 4346 2544 3223 3632 4215 4088 3892 4334 4514 4785 2568 2583 2587 2589 2919 3002 3538 3806 4031 4394 4404 4537 4627 4683 417 424 426 431 433
3365 434 436 445 448 454 458 324 330 335 338 343 355 372 385 395 405 406 17 21 22 26 27 31 35 36 38 39 319 4234
3381 3176 3178 3180 3727 4146 3844 3997 9 14 16 3666 2753 3487 4156 3916 3166 3169 3175 3828 4341 4227 3207 4735 3776 3913 4236 3208 3209 3219 3667
3383 3194 3921 3558 2440 2448 3192 3648 3906 3770 2845 3771 3195 3206 4604 2450 2471 2472 2474 2478 2480 4731 3009 3842 4656 2509 2520 2958 3609 3904 4309
3422 4407 4408 4595 152 155 156 158 164 3816 3829 3856 4007 4136 4149 106 107 112 116 117 118 133 140 144 147 148 77 78 81 85 88
3425 89 91 92 93 95 99 3710 3781 3153 3289 3292 52 58 59 63 65 71 3133 3146 3188 3697 3701 3294 3147 3148 3149 3151 4437 4151 4496 3669
3426 3253 4074 4774 4314 3855 3664 3909 3127 4367 3786 3775 3234 3802 4645 4663 4129 3979 3895 3818 3310 4635 3753 3812 4026 4116 3467 4430 4837 3468 3879 4193 3791
3444 3875 3611 3574 4465 3990 3580 4020 2641 4049 4260 4251 4106 4569 3860 3902 3694 3514 3637 4041 3297 4073 4578 4172 3987 3956 3418 3427 3907 4411 4076 3590 4006
3445 3746 3864 3779 3539 4283 4264 3940 4028 3711 4054 3796 4554 3446 3449 3887 3819 4337 3959 4513 4358 4011 4094 3474 4125 3450 3466 3708 3847 4263 3490 4299 4377 3707
3456 3471 3477 3473 2346 2348 3496 3497 3472 4378 3944 3777 3962 4438 2356 2365 2366 2382 2404 2406 2409 3475 2410 2415 2436 4285 4421 297 298 299 301 302 310 314 315
3461 3452 3867 4115 4164 232 233 239 245 249 251 254 259 264 267 282 283 194 196 204 205 211 213 214 218 219 225 229 230 4071 4517 4320 168 170 173 175
3478 181 182 183 185 188 3090 3091 3096 3099 4216 4530 4089 4907 3116 3125 3587 3935 3754 3653 4209 3555 4284 4090 4333 3747 4087 4066 4257 4032 4023 3447 3366 4493 3411 4040 3331
3493 3305 3846 4495 3641 3993 4063 4033 4024 4248 3840 4005 3544 3977 3948 4153 4131 3769 3242 4077 3985 4167 4174 3511 4468 4317 4218 3932 4002 4572 3705 3810 3883 3930 4308 4207 4354 3660 4110 4350
3506 4310 4617 2273 2275 3934 2212 2214 2216 2223 2248 2249 3440 4102 4205 2301 2304 2305 2309 2311 2313 2314 2256 2268 2269 2270 2271 2335 3923 4126 4166 4390 4410 4878 854 855 869 879 892 893 899
3533 902 904 3264 3616 3928 3984 647 658 2651 3521 3525 3891 3952 4010 4489 4600 4701 4717 537 540 575 577 582 583 585 599 602 611 614 617 618 443 477 492 493 496 500 509 517 519 522
3543 525 529 532 351 363 365 380 384 386 390 398 407 421 427 439 440 4502 3595 3686 3859 4276 4491 3049 3064 318 331 334 336 348 3594 4302 3428 3430 3431 3758 4641 3065 3079 3080 3994 3851
3551 3760 2128 2129 2160 2168 2170 2173 4100 4266 2100 2101 2109 2110 2115 3046 3185 3822 4270 4413 2175 2176 2179 2180 2202 2204 2205 2117 3588 3018 3029 3031 3032 3034 3010 3946 4362 4665 3042 3044 3045 4057 4689
3564 3659 3692 3592 4035 3011 3013 3014 3016 4103 3593 3878 3414 1967 1969 1974 1976 3415 3164 3886 3917 3999 3918 3973 4228 2058 2062 2066 1978 1980 1985 1997 2030 2031 2032 2036 4061 4758 3618 3817 3843 3989 4329 4529 2042 2044 2046
3597 2052 2056 1209 1222 1224 2485 3576 3931 4029 4180 4242 1167 1173 1174 1178 1179 1181 1182 1185 1186 1188 1189 1191 1194 1199 1200 1201 1207 1118 1123 1127 1128 1129 1130 1132 1137 1144 1145 1146 1147 1149 1156 1157 1160 1161 1085
3598 1087 1089 1090 1095 1097 1098 1099 1100 1104 1106 1107 1111 1113 1114 1115 1116 1008 1015 1024 1032 1042 1044 1046 1047 1051 1055 1064 1070 1073 1074 1077 1078 1079 3389 4108 4393 4603 2890 909 910 913 922 932 943 957 967 986 989 991
3624 993 4062 2873 3562 2830 2831 2833 2846 3554 3557 2894 2896 2897 2898 2862 2864 2871 2872 4145 4363 4541 3793 3734 4519 3783 4137 3608 3550 4551 3559 3541 3546 3548 3966 4188 2684 3259 4429 4505 3063 4017 4190 4240 3941 4050 4622 3736 4294 3087 4014 4194
3738 4253 3371 4476 3398 3401 3405 3639 3553 4492 3372 3379 3784 4139 3368 3778 3706 3386 3704 3795 4143 3772 3387 3388 4176 3072 3643 4134 4095 3629 3800 1670 1672 1675 1682 1699 1704 1708 3393 4261 4342 3395 3780 4678 1665 1666 1788 3968 4231 4648 4786 1715
3809 1757 1759 1761 1764 1769 1774 1775 1776 1667 1782 1785 815 821 823 824 825 826 836 840 841 843 845 846 848 853 772 776 779 780 783 786 787 789 794 795 800 809 810 811 732 736 738 744 745 747 748 750 754 755 756 763 768
3821 771 3794 3888 691 695 698 705 711 712 715 718 719 721 728 729 4206 3830 3901 2934 2939 2940 2941 3927 2900 2911 2912 3805 2931 4749 4311 3839 4093 3690 3575 3581 3167 3992 4225 2916 3869 4022 3789 3797 3914 3858 3397 3877 3630 4135 4114 3689 3569 3570 3563 4674 4232 3683 3675
3848 3972 4612 3582 2951 4370 2976 2981 2986 2997 2998 2953 2954 3568 4427 3676 3463 4463 4256 3885 3586 3680 2614 3403 3768 2968 2974 2975 3832 3893 4568 3407 4281 4015 4068 4196 4160 4184 3408 4208 3640 1868 1872 1883 1915 1922 1791 1792 1798 1799 1841 1844 1849 1850 4450 4488 1932 1934 1937
3865 1938 1941 2943 4012 4171 1853 1855 1861 4396 4154 4191 4328 4336 1610 1611 1612 1615 1619 1620 1622 1625 1629 1631 1641 1642 1646 1649 1650 1656 2959 3578 4133 1521 1523 1526 1530 1532 1533 1534 1535 1536 1546 1562 1570 1573 1576 1583 1586 1587 1605 1609 1438 1441 1449 1450 1457 1462 1476
3957 1477 1480 1485 1495 1496 1497 1505 1506 1507 1513 1516 1517 1341 1342 1352 1355 1356 1359 1364 1365 1366 1375 1376 1378 1387 1390 1391 1401 1402 1414 1416 1246 1251 1252 1253 1258 1281 1282 1289 1290 1296 1299 1301 1311 1313 1320 1321 1334 1335 1340 3531 3532 3536 4389 3204 4326 2813 2829 4082
4039 4241 4494 3732 2770 2773 2806 4534 4803 1235 1240 3348 3356 3357 3622 3790 3360 3662 3069 3920 4155 3964 4436 3665 4420 3837 2810 3700 3519 1577 1588 1590 1592 1593 1599 3361 3567 4343 4291 4588 1465 1466 1469 1539 4158 3621 4286 1600 1602 3702 4070 4123 4471 1552 1560 1574 3656 3658 3678 4163 4217 4267 2085 2088
4104 2090 2094 2103 2107 2126 2135 2137 2141 2143 2144 2145 2150 2154 2155 2163 2171 2184 2185 2186 1988 1994 1998 2004 2005 2009 2010 2011 2012 2014 2016 2018 2019 2020 2021 2027 2040 2045 2049 2074 2075 1893 1896 1898 1899 1906 1907 1912 1917 1920 1928 1945 1947 1950 1952 1954 1955 1956 1958 1970 1981 1983 1811 1813 1817 1821
4141 1822 1826 1827 1828 1837 1845 1846 1848 1854 1857 1866 1869 1871 1874 1890 1891 1668 1674 1686 1687 1688 1703 1713 1720 1724 1726 1735 1736 1737 1740 1741 1751 1770 1795 1804 1807 2758 2760 3827 2734 2737 2739 2741 2742 2762 2765 2767 2768 2769 3696 2743 2744 2748 4056 4085 4211 1300 3132 3121 3319 3325 4036 4008 3852 3332 3339
4169 3743 4117 4479 3698 4119 4893 4292 3647 3825 2757 1446 1454 1458 1305 1308 1316 1317 1318 1323 1329 1339 1405 3673 4278 3652 3841 4582 3327 1291 1297 4855 1460 3374 3716 3717 3976 4092 4322 4619 4825 1406 1407 1408 1411 1421 1428 2838 2840 2841 2844 2851 2854 2856 2857 2859 2867 2874 2875 3715 3731 3757 3996 4038 4233 4347 4443 4917 2702
4250 2704 2717 2720 2728 2736 2749 2755 2774 2775 2776 2778 2781 2783 2796 2797 2800 2812 2817 2819 2821 2822 2825 2837 2580 2581 2586 2588 2595 2602 2606 2608 2648 2652 2653 2654 2655 2659 2666 2668 2676 2679 2681 2682 2683 2689 2694 2698 2473 2479 2482 2487 2489 2492 2498 2499 2500 2503 2505 2513 2516 2523 2527 2533 2535 2539 2545 2547 2548 2569 2577 2330 2331 2337 2351 2353 2355
4262 2364 2367 2369 2371 2374 2375 2376 2377 2378 2384 2392 2420 2421 2428 2455 2457 2469 2241 2242 2254 2257 2262 2265 2267 2276 2282 2283 2284 2286 2287 2289 2290 2292 2295 2296 2322 2323 2324 2325 2327 2708 2712 3751 4564 3813 3876 3939 2715 2716 2722 2723 3602 3703 2192 2219 2221 2224 2225 2227 2229 2233 2237 3721 4355 2731 2705 3755 4235 4021 3853 2675 2686 2688 4372 3953 3501 4120
4279 4480 3584 2692 2693 2699 2706 4252 4726 1003 1004 1011 1037 1041 1043 1054 1062 3899 4516 3933 4745 4182 3302 3307 3308 4555 4105 3947 1285 3290 4212 4349 4497 1063 1065 1213 1216 1247 1254 1259 1264 1270 1283 4455 4456 4458 4499 4522 4544 4545 4553 4559 4560 4593 4613 4629 4646 4647 4658 4660 4661 4671 4687 4696 4704 4792 4860 4919 4946 4966 4974 4044 4052 4067 4080 4084 4098 4127 4161 4203 4204 4210 4213
4289 4224 4249 4300 4304 4321 4323 4332 4335 4359 4364 4376 4382 4387 4424 4454 3505 3507 3509 3510 3513 3542 3560 3565 3572 3573 3579 3589 3612 3649 3764 3774 3787 3814 3861 3894 3898 3951 3958 3998 4000 4013 4034 3229 3230 3239 3241 3250 3252 3258 3266 3283 3296 3299 3322 3326 3329 3330 3384 3409 3410 3424 3436 3458 3479 3480 3488 3491 3494 3500 3103 3110 3111 3118 3120 3123 3128 3130 3135 3137 3139 3140 3141 3142 3144 3157 3186 3191
4384 3193 3201 3202 3203 3213 3217 3226 3228 2990 2992 2993 3001 3006 3017 3020 3023 3024 3025 3035 3036 3037 3038 3039 3052 3053 3057 3058 3060 3062 3067 3068 3075 3083 3086 2880 2881 2884 2885 2886 2888 2895 2903 2905 2907 2918 2921 2922 2923 2924 2925 2929 2938 2945 2946 2955 2964 2965 2973 2977 4746 3646 2598 2616 2627 2628 3529 3628 4381 3556 3663 3742 3868 4001 2629 2642 2643 2645 2649 4142 4344 4692 4770 2674 2877 665 666 675 3269 3271 3273 4138 3982 3300 3811 3279 3280 3285 4510 3833
4426 4282 3607 4353 4324 4265 3988 4097 3761 2670 983 988 4055 4075 4122 4159 4449 682 873 888 911 912 916 917 940 950 963 3286 3981 4447 3288 3298 657 659 964 965 976 4346 2544 3223 3632 4215 4088 3892 4334 4514 4785 2568 2583 2587 2589 2919 3002 513 516 518 524 533 3260 3268 3693 3224 3714 4425 463 467 472 478 4274 4501 3227 3236 3237 4440 4571 3221 4632 3245 4339 3965 4254 4306 3737 4293 4319 4650 586 595 598 603 606 633 636 644 649 3733 534 543 544 546 551 556 562 565 572 578 495 497 507 508 510 3194
4605 3921 3558 2440 2448 3192 3648 3906 3770 2845 3771 3195 3206 4604 2450 2471 2472 2474 2478 2480 4731 3009 3842 4656 2509 2520 2958 3609 3904 3176 3178 3180 3727 4146 3844 3997 9 14 16 3666 2753 3487 4156 3916 3166 3169 3175 3828 4341 4227 3207 4735 3776 3913 4236 3208 3209 3219 3667 434 436 445 448 454 458 324 330 335 338 343 355 372 385 395 405 406 17 21 22 26 27 31 35 36 38 39 319 4234 3538 3806 4031 4394 4404 4537 4627 4683 417 424 426 431 433 3471 3477 3473 2346 2348 3496 3497 3472 4378 3944 3777 3962
4606 4438 2356 2365 2366 2382 2404 2406 2409 3475 2410 2415 2436 3746 3864 3779 3539 4283 4264 3940 4028 3711 4054 3796 4554 3446 3449 3887 3819 4337 3959 4513 4358 4011 4094 3474 4125 3450 3466 3708 3847 4263 3490 4299 4377 3707 3875 3611 3574 4465 3990 3580 4020 2641 4049 4260 4251 4106 4569 3860 3902 3694 3514 3637 4041 3297 4073 4578 4172 3987 3956 3418 3427 3907 4411 4076 3590 4006 3253 4074 4774 4314 3855 3664 3909 3127 4367 3786 3775 3234 3802 4645 4663 4129 3979 3895 3818 3310 4635 3753 3812 4026 4116 3467 4430 4837 3468 3879 4193 3791 89 91 92 93
4652 95 99 3710 3781 3153 3289 3292 52 58 59 63 65 71 3133 3146 3188 3697 3701 3294 3147 3148 3149 3151 4437 4151 4496 3669 4407 4408 4595 152 155 156 158 164 3816 3829 3856 4007 4136 4149 106 107 112 116 117 118 133 140 144 147 148 77 78 81 85 88 4309 4310 4617 2273 2275 3934 2212 2214 2216 2223 2248 2249 3440 4102 4205 2301 2304 2305 2309 2311 2313 2314 2256 2268 2269 2270 2271 2335 3923 4126 4166 4390 4410 4878 3305 3846 4495 3641 3993 4063 4033 4024 4248 3840 4005 3544 3977 3948 4153 4131 3769 3242 4077 3985 4167 4174 3511 4468 4317 4218 3932 4002 4572
4756 3705 3810 3883 3930 4308 4207 4354 3660 4110 4350 181 182 183 185 188 3090 3091 3096 3099 4216 4530 4089 4907 3116 3125 3587 3935 3754 3653 4209 3555 4284 4090 4333 3747 4087 4066 4257 4032 4023 3447 3366 4493 3411 4040 3331 3452 3867 4115 4164 232 233 239 245 249 251 254 259 264 267 282 283 194 196 204 205 211 213 214 218 219 225 229 230 4071 4517 4320 168 170 173 175 4285 4421 297 298 299 301 302 310 314 315 2052 2056 3659 3692 3592 4035 3011 3013 3014 3016 4103 3593 3878 3414 1967 1969 1974 1976 3415 3164 3886 3917 3999 3918 3973 4228 2058 2062 2066 1978 1980 1985 1997 2030 2031 2032 2036 4061 4758 3618 3817
