3 75
3 80
3 80
3 83
3 84
3 95
1 99
3 103
1 104
2 104
3 105
3 105
3 106
3 107
2 110
3 110
2 114
2 115
3 115
3 116
3 116
2 117
2 117
3 117
3 117
3 119
2 123
2 125
3 125
3 127
3 127
2 129
3 129
3 131
3 132
2 133
2 135
3 136
2 137
2 137
3 137
3 137
3 138
3 140
3 142
1 144
1 145
3 146
1 147
3 147
3 147
3 148
2 149
3 149
3 150
3 150
3 151
3 151
2 152
2 153
3 153
1 154
3 155
2 156
3 156
2 158
3 158
3 160
1 161
1 161
3 162
2 164
3 164
3 165
3 165
3 165
1 166
2 168
2 169
3 169
3 170
2 171
3 175
3 176
3 178
2 181
3 181
1 182
2 184
2 184
3 184
2 185
2 186
2 187
3 187
2 188
3 188
3 188
3 188
2 189
3 189
1 191
3 191
3 191
3 192
1 195
2 195
2 196
3 196
3 196
3 196
1 197
2 198
3 198
3 200
1 201
2 201
2 203
2 203
3 204
3 204
1 206
3 206
3 206
3 208
3 209
1 210
1 211
3 211
3 211
3 211
3 211
3 212
2 214
3 215
1 217
1 217
3 219
3 221
1 222
2 222
3 222
3 223
3 225
2 229
3 231
3 231
2 232
2 232
3 233
3 234
3 234
2 235
3 235
3 237
2 238
2 238
3 239
2 240
3 242
1 244
3 244
3 244
1 248
2 249
1 250
1 250
3 250
2 251
1 252
2 254
1 255
1 256
2 257
3 257
2 259
3 260
3 260
3 262
3 263
3 263
2 264
2 264
2 264
3 264
2 265
3 266
3 267
2 269
3 269
1 271
1 272
3 272
3 273
2 274
3 274
2 276
3 276
3 276
3 277
1 279
1 280
1 280
1 280
2 280
2 283
3 286
1 288
1 288
1 290
1 290
2 290
1 292
2 292
2 292
3 293
1 294
1 295
2 296
2 296
1 297
3 298
3 299
3 299
1 300
2 300
3 300
3 304
1 306
2 307
2 307
3 307
2 308
2 309
3 309
3 310
3 310
3 311
1 312
2 312
3 313
3 313
3 314
1 315
3 315
2 317
3 318
3 318
3 318
2 319
3 319
2 320
1 321
1 321
2 321
3 321
3 321
1 323
3 323
2 325
3 325
1 326
3 326
1 327
2 327
3 327
1 328
2 328
3 329
1 330
3 330
3 330
1 332
3 333
1 334
3 335
1 336
1 336
3 340
3 341
3 341
1 342
2 343
2 346
1 348
3 348
3 349
1 353
1 354
1 355
1 356
3 357
3 359
1 360
3 360
3 360
1 362
2 363
2 366
2 368
1 372
2 372
2 372
3 372
3 372
3 373
3 373
1 374
1 374
1 379
2 379
3 379
3 380
1 381
2 381
2 381
3 381
1 382
2 382
2 383
3 383
1 384
3 385
3 385
2 386
3 390
3 391
1 392
1 392
3 392
2 393
2 393
3 393
1 394
2 394
2 395
2 395
3 395
2 397
3 397
1 398
3 398
3 398
2 400
3 400
1 401
1 402
1 402
2 402
1 403
1 403
2 403
3 403
3 403
1 404
2 406
1 407
1 407
1 408
3 408
1 409
3 409
1 411
2 411
1 413
2 413
3 413
1 414
1 414
1 414
3 414
3 414
2 415
3 415
1 416
3 416
3 416
3 416
3 416
1 417
2 417
3 417
3 418
1 420
2 420
2 422
2 422
3 422
3 422
1 424
2 424
3 425
3 425
3 425
1 426
2 428
3 429
1 430
2 430
1 431
3 431
1 434
3 435
3 435
3 435
2 436
2 438
2 438
3 438
3 438
1 439
1 439
1 441
1 441
1 441
3 441
3 441
2 442
3 442
3 444
1 446
2 446
3 447
3 449
2 450
3 450
2 452
2 452
3 452
3 453
3 453
2 455
3 455
2 460
2 461
1 462
2 463
3 463
1 465
2 465
2 465
3 465
1 466
2 466
3 466
2 467
3 467
3 468
2 469
3 469
3 470
1 471
3 471
1 472
2 473
1 474
3 474
1 475
2 476
1 477
1 477
3 477
3 477
2 478
1 479
3 481
3 481
2 482
3 484
1 486
3 486
3 486
2 487
1 488
1 488
3 488
1 489
2 489
2 490
3 490
1 491
1 491
3 491
3 491
3 492
1 493
1 496
3 496
3 496
1 497
3 499
1 502
2 502
2 502
3 502
2 504
2 504
2 505
3 505
1 506
2 506
3 506
1 507
3 507
1 508
3 508
1 509
2 510
2 511
2 511
2 512
3 512
1 513
2 514
1 515
3 515
2 516
2 516
2 517
2 517
3 518
1 520
2 520
3 520
2 521
2 521
3 521
1 522
1 524
2 524
3 524
1 525
2 525
2 527
2 528
3 529
1 531
2 531
1 532
1 532
2 532
3 532
3 533
2 534
2 535
3 535
2 536
3 537
3 538
3 538
3 539
2 540
3 540
3 541
3 542
3 543
2 544
1 545
3 546
1 547
1 547
3 547
2 549
3 549
3 550
2 551
3 551
3 551
3 551
1 552
3 552
3 552
2 554
3 555
1 557
2 557
1 558
2 558
2 560
3 560
3 564
1 565
2 565
2 565
1 566
2 566
2 567
3 567
3 567
3 569
1 570
3 571
3 572
3 574
3 574
2 575
1 576
1 576
2 579
2 579
1 580
1 580
2 580
2 583
3 583
1 584
2 585
1 586
3 586
3 586
1 587
2 587
1 589
1 589
2 589
1 591
1 592
2 592
2 592
1 593
1 593
1 595
3 595
1 596
3 597
3 597
1 599
3 601
3 603
1 604
3 604
3 606
3 606
2 607
3 607
1 608
2 609
1 610
3 610
3 610
3 611
1 612
3 612
1 613
2 614
3 614
1 615
2 615
3 615
2 616
1 617
1 617
3 617
3 617
3 619
3 620
3 621
2 622
2 622
2 623
3 625
1 626
1 627
3 628
3 629
2 630
2 631
3 631
3 631
1 633
3 637
1 638
1 638
3 638
3 638
2 639
1 640
1 640
3 640
1 641
3 643
3 644
2 645
3 646
3 647
1 648
3 648
3 650
1 651
3 651
1 653
2 653
1 654
3 654
1 655
2 656
3 656
3 656
2 657
1 658
3 659
3 659
3 660
3 660
1 661
2 662
1 664
1 665
1 665
1 666
1 667
2 668
2 668
3 668
3 668
2 669
1 670
1 672
2 673
2 673
3 673
2 675
1 676
1 676
1 676
1 676
1 680
3 680
2 681
2 682
3 682
3 684
2 685
3 685
1 687
1 687
2 687
1 689
2 690
1 691
1 691
1 692
3 692
1 696
2 696
2 697
1 698
2 698
2 698
1 699
2 699
3 699
3 699
1 700
2 700
2 700
2 700
3 701
1 702
3 702
1 703
3 706
1 708
2 709
3 709
3 709
1 710
3 711
2 714
1 717
3 717
2 718
2 719
3 719
1 720
3 721
2 722
3 722
3 723
2 724
2 724
1 725
1 725
2 726
3 726
1 727
2 728
2 728
3 730
2 731
3 733
3 733
1 734
1 734
2 734
2 734
1 735
3 738
3 738
1 739
2 739
1 740
3 740
3 740
3 742
3 742
1 743
1 746
3 746
2 747
2 747
2 748
3 749
3 749
3 749
2 754
1 756
1 757
1 757
1 758
3 758
2 759
1 761
2 762
2 764
2 765
2 765
3 765
1 766
1 767
3 767
1 768
1 768
1 768
3 768
1 769
2 769
1 770
1 771
1 771
2 771
2 772
1 773
2 773
3 773
2 774
2 774
3 774
2 776
3 777
3 777
3 779
1 781
2 781
2 781
2 781
3 781
1 782
3 782
1 783
1 783
3 784
1 786
1 787
3 789
3 790
3 791
3 793
1 794
2 794
1 795
1 795
1 797
2 798
3 798
3 798
3 800
1 801
1 801
2 801
3 801
1 802
3 802
1 804
1 804
3 806
3 808
3 809
2 811
1 812
3 813
1 815
2 815
2 815
1 816
1 821
3 822
3 822
1 825
2 825
3 825
1 827
2 827
1 830
2 830
1 831
1 833
1 833
1 835
2 835
2 835
2 836
2 837
2 837
3 838
3 838
2 839
2 840
1 841
1 842
3 844
1 846
2 846
3 846
1 847
1 849
3 850
1 853
1 854
1 855
1 855
1 855
2 855
1 856
3 856
3 857
1 858
3 858
3 858
3 858
2 859
3 859
1 860
2 860
3 860
1 863
3 863
3 863
3 864
3 865
2 867
3 867
3 867
1 868
1 868
1 869
1 870
2 870
3 870
1 871
3 871
1 872
3 872
2 873
2 874
2 875
1 876
2 876
3 876
3 876
3 877
1 878
3 878
1 879
3 879
1 883
2 884
3 885
1 886
1 886
3 886
1 888
3 889
2 890
1 891
1 891
2 891
3 891
2 892
2 892
1 893
2 893
1 894
2 894
3 894
3 895
3 895
3 895
1 896
1 896
1 896
1 896
3 896
2 897
2 899
1 900
1 900
1 901
2 901
1 902
1 902
2 903
1 904
1 904
1 908
2 908
3 908
1 910
3 910
1 911
1 911
1 913
3 913
1 914
2 914
3 914
1 916
3 917
1 919
3 920
1 922
1 922
2 922
3 923
1 924
3 924
3 924
2 925
3 925
3 925
3 925
2 926
2 926
2 927
2 927
1 929
2 929
2 929
1 930
3 931
1 932
2 932
3 932
3 933
2 934
2 934
3 936
1 937
1 939
1 940
3 940
1 941
2 942
2 948
2 948
2 950
1 951
1 952
1 953
1 953
2 953
3 954
1 955
2 955
2 956
1 957
1 957
2 957
2 957
2 958
1 959
3 963
1 964
3 964
3 964
2 966
3 966
2 967
1 968
2 968
2 968
3 968
1 969
1 969
3 969
2 970
1 971
2 971
2 971
2 972
2 973
1 974
1 975
1 976
2 976
3 976
2 978
2 978
3 980
1 983
1 984
2 984
3 984
2 986
2 988
2 988
2 989
3 989
2 990
3 990
1 991
3 991
1 992
2 992
1 994
3 994
1 995
2 995
2 995
2 996
2 996
1 997
2 998
1 999
1 1000
1 1000
1 1000
2 1000
1 1002
3 1003
1 1006
3 1006
3 1008
1 1009
2 1011
2 1011
2 1011
2 1013
3 1014
2 1015
1 1017
3 1017
1 1019
1 1019
3 1019
3 1019
2 1021
2 1022
1 1023
1 1024
2 1024
2 1024
3 1024
1 1028
3 1029
1 1030
1 1030
2 1030
3 1030
3 1031
3 1032
1 1034
1 1034
2 1034
2 1034
3 1035
1 1036
1 1037
2 1037
2 1038
1 1041
2 1042
2 1042
1 1043
1 1043
2 1044
2 1044
1 1046
2 1047
2 1047
1 1048
2 1048
3 1048
1 1049
2 1049
3 1049
3 1050
3 1050
1 1051
2 1051
2 1051
2 1052
1 1053
3 1053
3 1054
3 1055
3 1056
2 1057
1 1059
2 1059
1 1061
3 1063
3 1063
2 1064
1 1065
3 1066
2 1067
3 1067
3 1067
1 1074
1 1074
1 1075
2 1075
1 1076
2 1076
1 1077
1 1077
1 1078
3 1078
3 1078
1 1080
3 1080
1 1083
1 1083
1 1084
2 1084
1 1085
1 1086
3 1086
1 1090
2 1090
1 1093
3 1094
1 1095
3 1095
1 1096
2 1096
2 1098
1 1099
1 1100
1 1101
2 1101
2 1101
2 1101
2 1102
1 1104
3 1105
1 1108
2 1108
2 1109
3 1109
1 1112
1 1113
3 1113
2 1114
3 1115
1 1117
1 1118
3 1118
3 1120
2 1121
3 1121
3 1121
1 1122
1 1122
3 1122
3 1122
1 1123
3 1123
3 1123
1 1124
2 1124
2 1124
2 1126
3 1127
2 1128
1 1130
3 1130
1 1134
2 1134
2 1134
2 1137
1 1138
1 1138
3 1138
1 1139
2 1139
2 1141
1 1142
2 1142
2 1143
2 1143
1 1144
3 1144
1 1145
2 1147
3 1147
3 1147
2 1150
1 1151
1 1151
2 1151
1 1153
2 1153
1 1154
3 1154
2 1156
2 1157
2 1158
1 1159
2 1159
2 1159
1 1160
2 1162
1 1163
3 1163
1 1164
1 1170
3 1170
2 1171
3 1171
1 1172
3 1172
1 1173
2 1173
2 1173
3 1174
1 1175
3 1175
2 1176
2 1176
2 1179
2 1181
3 1182
3 1182
3 1183
1 1188
1 1188
3 1188
3 1189
3 1189
1 1190
2 1192
3 1192
3 1192
2 1193
2 1193
3 1195
3 1196
2 1197
3 1197
1 1199
3 1199
3 1200
2 1201
2 1201
2 1202
3 1202
3 1202
1 1203
3 1204
1 1205
1 1205
1 1208
1 1209
2 1211
2 1214
1 1216
2 1222
3 1223
1 1225
1 1225
3 1225
1 1226
3 1228
3 1229
3 1234
2 1235
1 1238
1 1239
2 1239
2 1241
3 1241
3 1241
2 1242
3 1243
3 1243
1 1245
1 1248
3 1248
1 1249
2 1249
2 1249
1 1250
3 1250
2 1251
2 1253
2 1254
2 1256
1 1257
3 1258
2 1259
3 1260
1 1261
2 1261
1 1262
2 1262
3 1262
3 1262
3 1263
1 1264
2 1265
3 1266
1 1267
3 1269
3 1269
1 1270
1 1273
2 1274
3 1274
1 1276
1 1276
1 1278
3 1278
1 1279
1 1279
1 1279
1 1280
2 1280
3 1280
1 1281
2 1281
1 1282
1 1283
1 1284
1 1285
2 1286
3 1286
1 1288
2 1288
2 1288
1 1289
3 1290
1 1291
2 1292
3 1292
1 1294
2 1294
2 1295
1 1298
2 1301
1 1303
2 1303
1 1304
3 1304
2 1305
2 1307
1 1308
3 1308
2 1309
3 1309
3 1310
3 1312
1 1314
1 1315
1 1315
2 1315
2 1315
1 1316
1 1316
2 1316
3 1317
1 1319
1 1320
1 1322
2 1325
3 1325
1 1326
1 1328
1 1328
1 1330
1 1331
3 1331
3 1333
1 1337
2 1337
2 1339
2 1339
3 1339
1 1341
1 1341
3 1342
1 1345
1 1346
3 1349
2 1350
2 1352
2 1352
3 1352
1 1355
1 1356
1 1357
3 1359
2 1363
3 1364
3 1366
2 1367
2 1368
1 1371
1 1371
1 1371
2 1371
1 1373
2 1373
3 1373
3 1373
2 1374
1 1375
1 1375
1 1375
2 1376
1 1377
2 1377
2 1379
2 1379
2 1379
2 1380
3 1381
3 1382
2 1384
3 1384
1 1385
1 1385
3 1385
1 1386
1 1387
2 1387
1 1390
1 1390
1 1390
3 1393
3 1393
2 1395
3 1396
1 1398
1 1400
1 1400
1 1400
3 1401
3 1403
2 1404
1 1411
2 1411
1 1412
3 1413
1 1414
1 1415
3 1417
3 1417
1 1419
2 1419
1 1420
1 1421
2 1421
2 1422
1 1423
2 1423
2 1424
3 1425
3 1425
1 1426
1 1428
1 1429
2 1429
1 1433
1 1434
2 1434
2 1434
2 1435
3 1435
2 1436
3 1437
2 1438
2 1439
3 1439
3 1439
3 1440
1 1441
1 1442
2 1443
2 1445
3 1445
2 1447
3 1447
1 1448
2 1448
3 1449
1 1450
1 1452
2 1453
2 1454
2 1457
2 1457
1 1458
1 1459
2 1459
1 1460
1 1460
1 1461
2 1463
2 1464
1 1465
2 1465
1 1468
1 1469
2 1470
1 1473
3 1474
1 1475
2 1475
3 1475
2 1477
3 1479
1 1481
1 1482
3 1483
3 1483
3 1485
1 1486
3 1486
1 1487
2 1487
2 1489
1 1492
1 1496
1 1496
2 1496
3 1496
3 1496
2 1497
2 1497
1 1499
1 1500
1 1501
1 1501
3 1501
2 1504
1 1505
1 1505
1 1509
1 1509
1 1510
3 1510
1 1513
3 1514
2 1519
2 1521
2 1524
2 1524
1 1525
2 1527
3 1527
2 1528
1 1529
2 1529
2 1530
1 1532
1 1533
1 1534
1 1534
1 1534
1 1534
2 1535
1 1536
1 1537
1 1538
2 1538
2 1538
2 1538
3 1541
3 1542
1 1543
1 1544
3 1544
3 1548
1 1550
3 1550
3 1552
1 1553
2 1554
1 1555
1 1556
1 1557
2 1557
2 1558
1 1561
1 1562
1 1562
2 1563
3 1563
1 1565
1 1565
1 1568
2 1568
3 1568
2 1569
3 1572
3 1574
1 1575
1 1576
2 1579
1 1580
3 1580
1 1582
2 1583
1 1584
2 1584
1 1585
3 1589
3 1589
1 1590
1 1590
3 1592
1 1593
1 1595
2 1595
2 1596
2 1597
3 1597
3 1599
2 1601
2 1606
1 1607
3 1609
1 1611
1 1611
1 1612
3 1612
1 1614
3 1614
3 1615
2 1616
1 1618
3 1620
3 1621
3 1622
3 1622
2 1623
3 1624
2 1625
1 1626
2 1628
3 1628
1 1629
2 1631
3 1631
3 1631
1 1636
1 1636
2 1637
2 1637
1 1638
3 1639
1 1640
2 1642
2 1643
2 1644
3 1644
3 1644
1 1645
1 1645
1 1645
2 1647
3 1647
1 1648
2 1652
1 1654
1 1654
2 1657
1 1658
3 1660
2 1662
2 1665
1 1669
1 1670
2 1670
1 1671
3 1672
2 1673
2 1675
3 1675
1 1676
1 1678
1 1679
2 1679
1 1681
1 1682
2 1683
3 1683
3 1683
1 1684
2 1685
3 1685
2 1687
1 1688
3 1688
3 1691
2 1695
1 1696
1 1696
3 1696
2 1699
2 1700
1 1702
3 1702
1 1703
2 1705
2 1705
2 1706
3 1708
1 1709
1 1709
1 1712
3 1714
1 1717
1 1719
1 1719
2 1722
2 1723
1 1725
3 1725
2 1727
1 1729
3 1729
2 1730
2 1730
2 1730
1 1736
2 1736
2 1737
2 1738
1 1739
3 1742
2 1745
2 1745
2 1746
1 1747
2 1747
3 1749
3 1749
3 1751
2 1752
3 1752
1 1755
1 1755
1 1758
2 1758
1 1759
2 1760
2 1760
1 1761
2 1761
2 1763
1 1765
2 1765
3 1765
1 1769
1 1769
3 1769
3 1772
1 1773
3 1773
3 1775
2 1776
1 1778
3 1780
1 1785
1 1786
3 1787
1 1788
2 1790
2 1791
1 1793
2 1793
3 1793
1 1794
2 1794
1 1797
2 1799
2 1800
3 1800
1 1802
1 1806
1 1807
3 1810
3 1810
2 1811
2 1811
1 1813
3 1813
3 1813
1 1814
2 1814
3 1815
1 1820
2 1823
1 1826
2 1826
1 1830
1 1830
2 1830
1 1832
2 1833
3 1837
1 1838
1 1838
1 1842
1 1842
2 1842
3 1842
3 1844
3 1845
2 1848
1 1850
2 1853
1 1855
3 1855
2 1857
2 1861
1 1862
3 1862
2 1863
1 1866
3 1871
1 1872
2 1872
1 1874
2 1874
1 1875
3 1876
2 1877
1 1883
2 1883
1 1884
2 1885
2 1888
2 1891
1 1892
2 1892
3 1893
3 1895
3 1898
1 1899
3 1900
1 1901
1 1903
3 1903
2 1909
1 1910
2 1915
2 1915
1 1916
1 1918
1 1922
2 1923
1 1925
2 1926
3 1926
2 1928
3 1930
2 1934
2 1934
1 1936
2 1936
3 1937
2 1938
1 1944
1 1944
2 1944
1 1945
1 1947
3 1949
3 1951
1 1952
2 1952
1 1953
3 1953
2 1954
2 1955
1 1958
1 1961
1 1962
1 1963
3 1965
2 1966
2 1967
1 1968
1 1969
1 1969
2 1973
2 1973
2 1975
2 1975
1 1977
2 1977
1 1978
2 1978
1 1979
2 1979
2 1979
2 1979
2 1981
3 1981
1 1985
1 1986
3 1986
1 1987
2 1990
3 1990
3 1993
2 1996
2 1997
2 1998
1 1999
1 2002
1 2003
2 2006
1 2007
1 2007
1 2007
2 2007
3 2007
2 2009
3 2010
2 2011
2 2011
2 2012
3 2012
1 2015
2 2015
1 2016
3 2016
2 2017
1 2018
1 2019
1 2020
2 2022
1 2024
2 2026
1 2027
3 2027
3 2028
2 2031
1 2032
1 2034
3 2034
2 2037
1 2038
1 2039
1 2040
1 2041
1 2041
1 2042
1 2045
2 2046
2 2047
3 2047
1 2048
3 2048
3 2049
3 2050
3 2050
1 2051
3 2051
1 2053
2 2054
1 2055
3 2055
2 2056
3 2058
2 2060
1 2062
1 2062
1 2063
2 2069
3 2069
1 2074
1 2077
1 2081
1 2082
2 2084
2 2086
1 2087
2 2087
1 2090
1 2090
1 2090
2 2090
3 2091
2 2092
2 2106
1 2107
1 2108
3 2109
3 2109
2 2111
3 2111
2 2113
3 2113
3 2113
3 2114
1 2115
1 2116
1 2117
1 2119
1 2119
2 2119
1 2120
2 2122
2 2123
3 2123
3 2123
3 2123
1 2128
1 2129
2 2131
3 2132
2 2133
1 2134
3 2134
3 2135
2 2136
1 2138
2 2147
2 2147
2 2150
3 2150
1 2151
1 2152
1 2152
2 2152
1 2153
1 2154
1 2157
2 2157
2 2158
3 2160
1 2161
1 2163
1 2165
2 2168
1 2172
1 2175
2 2175
3 2176
1 2178
3 2178
1 2180
2 2183
1 2185
2 2187
2 2187
3 2187
2 2192
1 2194
2 2197
2 2198
1 2199
3 2199
2 2201
2 2203
1 2204
1 2205
1 2207
2 2209
2 2211
2 2212
1 2214
1 2215
1 2217
1 2218
1 2226
2 2227
3 2227
1 2228
3 2231
1 2234
3 2234
2 2237
1 2239
3 2241
1 2243
2 2245
3 2245
2 2247
2 2248
3 2249
3 2249
1 2253
1 2254
3 2255
3 2257
2 2258
1 2259
2 2260
1 2261
2 2263
1 2265
1 2265
2 2265
1 2269
2 2269
3 2271
2 2276
2 2282
2 2283
1 2285
2 2287
1 2289
2 2291
1 2293
3 2293
1 2294
2 2295
1 2296
1 2297
1 2297
2 2299
1 2301
1 2303
3 2304
2 2307
2 2309
3 2309
1 2310
3 2310
2 2312
3 2312
2 2314
2 2316
1 2319
3 2320
3 2324
1 2326
2 2326
1 2327
2 2328
2 2328
1 2329
1 2329
3 2329
1 2330
2 2330
1 2331
1 2332
2 2332
1 2333
2 2333
2 2337
2 2340
2 2341
2 2342
1 2343
2 2345
3 2347
2 2351
2 2359
3 2360
3 2364
3 2364
1 2365
1 2369
2 2369
2 2369
2 2369
3 2370
2 2371
2 2371
3 2373
2 2375
2 2375
1 2376
2 2376
3 2376
3 2378
2 2384
2 2384
1 2385
3 2386
3 2390
1 2392
2 2399
3 2399
3 2402
2 2403
2 2404
1 2406
1 2407
1 2407
2 2408
1 2412
2 2413
1 2417
2 2420
2 2422
3 2423
1 2424
1 2424
3 2424
3 2424
3 2426
1 2428
2 2432
2 2435
2 2438
2 2438
1 2449
2 2451
3 2451
1 2452
2 2452
2 2452
1 2453
2 2455
1 2456
2 2460
1 2461
2 2461
3 2461
3 2462
1 2466
1 2466
1 2466
3 2466
3 2467
1 2468
2 2471
1 2472
2 2473
3 2475
1 2479
2 2479
1 2482
2 2482
1 2484
2 2484
2 2487
1 2490
1 2490
3 2491
1 2492
1 2492
3 2492
1 2495
2 2495
2 2496
2 2497
2 2500
1 2502
2 2504
1 2506
2 2510
3 2513
1 2514
2 2514
2 2515
2 2515
2 2522
2 2524
2 2525
1 2528
3 2528
2 2529
1 2530
2 2530
3 2530
1 2532
1 2533
3 2534
3 2538
1 2539
1 2540
2 2540
3 2541
1 2543
3 2543
3 2543
1 2545
3 2547
1 2551
1 2551
1 2553
1 2553
3 2553
2 2554
3 2556
2 2557
1 2559
1 2560
2 2562
2 2563
3 2563
1 2566
3 2566
1 2568
2 2571
1 2572
1 2572
3 2574
3 2576
2 2577
2 2580
1 2582
1 2583
3 2584
1 2586
3 2588
1 2589
2 2589
1 2591
1 2594
1 2597
1 2598
1 2603
1 2605
1 2605
2 2610
3 2610
1 2616
1 2616
2 2617
3 2617
1 2620
1 2622
1 2623
1 2623
3 2623
1 2626
2 2627
1 2628
2 2632
1 2633
3 2636
1 2637
1 2639
2 2642
3 2645
2 2653
1 2655
3 2656
1 2659
3 2659
3 2660
1 2662
3 2664
2 2665
3 2670
1 2674
1 2677
2 2677
1 2681
2 2684
2 2689
2 2689
2 2690
1 2691
1 2692
3 2693
2 2695
2 2695
2 2696
1 2698
2 2698
1 2700
3 2700
2 2702
1 2703
2 2705
1 2707
2 2708
3 2708
1 2710
2 2710
1 2711
1 2711
1 2712
1 2716
1 2717
2 2717
2 2718
2 2719
1 2722
1 2725
2 2729
1 2730
2 2730
3 2730
2 2731
1 2739
2 2740
3 2740
1 2742
1 2744
2 2744
3 2744
1 2746
2 2746
1 2750
3 2750
3 2750
2 2755
3 2756
1 2757
2 2757
1 2763
3 2764
1 2767
2 2769
3 2770
3 2770
1 2772
1 2773
1 2774
2 2775
1 2778
2 2778
3 2781
1 2784
3 2788
2 2789
1 2790
1 2791
1 2791
3 2793
2 2795
2 2795
1 2796
2 2796
2 2796
1 2797
1 2801
3 2802
1 2804
3 2807
3 2809
3 2811
1 2812
1 2814
3 2816
3 2816
1 2819
1 2820
1 2820
3 2822
1 2826
1 2828
1 2828
3 2828
2 2829
2 2829
1 2830
1 2833
1 2833
3 2838
1 2842
1 2842
3 2848
2 2851
1 2853
3 2853
2 2855
2 2855
2 2856
2 2863
3 2866
1 2869
2 2869
2 2872
2 2872
2 2873
1 2876
1 2882
3 2882
3 2883
1 2884
2 2884
3 2887
1 2891
2 2893
1 2894
1 2896
1 2896
2 2898
3 2898
1 2902
1 2902
2 2904
1 2905
2 2908
1 2912
1 2917
1 2918
1 2920
1 2920
2 2922
1 2924
2 2925
1 2929
3 2929
1 2930
1 2930
1 2935
3 2939
1 2941
1 2943
1 2944
1 2946
2 2947
2 2950
2 2951
1 2955
1 2955
1 2956
3 2956
1 2957
1 2961
1 2963
3 2968
3 2973
1 2975
1 2981
2 2982
2 2986
2 2989
1 2995
2 2996
1 3005
1 3006
2 3006
2 3007
3 3011
2 3014
2 3015
2 3015
2 3015
2 3018
3 3020
3 3023
1 3024
2 3024
1 3025
3 3026
1 3030
1 3031
1 3037
1 3038
2 3038
1 3040
2 3040
3 3041
2 3050
3 3051
1 3056
1 3056
2 3058
2 3059
2 3072
1 3073
3 3074
2 3078
1 3079
2 3079
2 3086
2 3086
2 3087
3 3087
2 3094
1 3096
2 3102
2 3102
3 3102
1 3104
2 3110
2 3111
2 3111
3 3111
3 3112
1 3113
2 3113
2 3119
1 3120
1 3122
2 3138
1 3143
2 3144
2 3145
2 3150
1 3151
2 3152
3 3154
1 3161
1 3162
2 3163
1 3167
3 3171
2 3172
2 3178
2 3194
1 3197
1 3200
2 3200
1 3202
2 3207
2 3208
1 3220
3 3222
1 3227
1 3228
2 3235
1 3239
3 3243
2 3249
3 3252
1 3255
2 3257
1 3258
2 3258
2 3260
1 3264
2 3266
1 3267
2 3268
2 3269
2 3270
2 3279
3 3279
1 3280
1 3280
2 3284
2 3292
1 3299
3 3302
1 3303
2 3305
1 3310
2 3310
3 3311
2 3314
2 3315
1 3319
2 3320
3 3323
2 3324
3 3325
3 3327
2 3328
1 3330
2 3333
2 3337
2 3338
2 3340
3 3344
3 3345
2 3347
2 3352
2 3352
2 3353
1 3354
2 3359
1 3361
3 3365
2 3366
1 3367
2 3368
1 3371
1 3374
1 3374
1 3376
1 3376
1 3378
1 3389
1 3397
3 3400
3 3401
1 3409
1 3409
2 3410
2 3413
1 3415
1 3416
2 3416
1 3417
1 3418
1 3423
1 3424
1 3426
2 3430
1 3432
3 3433
3 3435
2 3436
1 3437
2 3437
2 3446
3 3446
1 3449
1 3453
2 3453
1 3458
2 3458
1 3464
2 3465
2 3466
1 3467
1 3468
2 3468
1 3471
1 3479
3 3482
2 3483
2 3488
2 3489
1 3491
2 3492
1 3493
1 3496
3 3500
2 3508
2 3508
1 3510
2 3515
2 3515
1 3518
1 3522
2 3524
2 3526
2 3533
3 3533
1 3534
1 3541
1 3541
2 3541
1 3546
3 3556
2 3557
1 3560
2 3563
2 3563
1 3569
2 3570
3 3570
3 3573
2 3589
1 3593
2 3594
1 3596
3 3604
2 3605
1 3616
1 3621
1 3624
2 3627
2 3630
2 3638
2 3647
2 3649
3 3649
2 3651
3 3652
1 3653
2 3654
2 3654
3 3654
1 3655
2 3663
2 3665
2 3666
3 3666
2 3669
1 3670
2 3673
1 3676
1 3680
3 3680
2 3683
2 3683
2 3684
2 3688
2 3689
1 3691
2 3692
3 3695
1 3698
2 3698
1 3705
2 3705
3 3710
2 3711
1 3714
1 3723
3 3729
2 3730
2 3734
3 3736
1 3738
1 3747
2 3750
1 3751
2 3751
2 3753
3 3754
2 3755
2 3760
2 3761
2 3762
2 3765
1 3766
1 3768
1 3768
2 3769
1 3772
2 3783
1 3785
1 3786
2 3788
1 3793
3 3794
1 3796
2 3796
2 3799
2 3802
2 3803
3 3805
2 3809
1 3813
2 3822
2 3827
1 3828
3 3834
1 3838
1 3839
2 3841
1 3844
2 3849
2 3852
2 3852
1 3854
1 3856
2 3860
2 3861
1 3865
1 3868
3 3868
1 3870
2 3870
2 3877
3 3881
1 3884
2 3892
1 3893
1 3893
1 3895
1 3896
2 3896
2 3900
2 3901
2 3904
2 3904
3 3904
1 3908
3 3908
2 3909
3 3910
1 3924
1 3930
2 3932
2 3940
1 3947
3 3952
3 3966
2 3967
3 3967
2 3968
2 3969
1 3972
3 3977
1 3980
2 3988
2 3991
1 3996
1 3998
2 3998
2 4004
3 4008
3 4010
1 4011
2 4013
1 4016
3 4017
2 4023
2 4028
2 4033
3 4034
2 4039
2 4040
1 4044
2 4046
2 4046
2 4047
1 4050
2 4057
1 4060
1 4060
2 4060
2 4062
2 4063
1 4066
1 4069
3 4075
2 4077
3 4077
2 4081
2 4086
1 4087
2 4095
2 4106
2 4109
2 4110
2 4112
2 4115
3 4116
3 4122
2 4124
3 4128
2 4131
2 4136
2 4137
1 4140
1 4145
2 4146
1 4150
1 4152
2 4152
2 4152
1 4154
1 4164
1 4167
2 4167
2 4168
1 4169
2 4169
3 4169
2 4174
2 4175
2 4179
2 4189
3 4197
2 4204
2 4206
2 4212
1 4218
1 4226
2 4236
3 4258
1 4262
2 4262
3 4265
1 4267
1 4275
2 4279
2 4281
1 4282
1 4284
2 4294
1 4296
1 4298
2 4298
2 4299
1 4305
1 4309
2 4310
2 4313
1 4316
3 4317
1 4321
3 4322
2 4323
1 4327
3 4330
2 4333
1 4338
1 4342
1 4348
2 4348
1 4362
3 4371
1 4374
1 4376
1 4382
1 4385
2 4389
2 4391
3 4393
3 4393
1 4397
3 4397
2 4411
3 4423
2 4426
1 4428
2 4428
2 4434
1 4447
2 4447
3 4447
2 4452
3 4454
2 4463
2 4463
1 4477
2 4477
3 4477
2 4483
2 4487
1 4488
2 4488
1 4491
2 4511
1 4512
2 4516
2 4518
2 4519
2 4519
3 4520
2 4523
1 4525
2 4533
2 4534
2 4540
2 4541
3 4541
2 4543
1 4545
2 4550
1 4552
1 4557
1 4558
2 4559
1 4561
1 4564
1 4565
1 4565
1 4566
3 4567
2 4571
1 4583
2 4594
2 4613
3 4624
2 4625
1 4634
1 4636
1 4644
1 4650
3 4656
2 4658
2 4660
1 4664
2 4667
1 4671
2 4675
1 4678
3 4687
1 4697
3 4706
2 4719
2 4722
3 4726
2 4731
1 4738
1 4742
2 4742
2 4748
2 4748
2 4750
2 4755
1 4763
3 4765
3 4766
1 4767
1 4771
2 4771
2 4772
2 4777
2 4782
3 4791
2 4792
2 4794
2 4798
2 4808
1 4810
1 4811
1 4815
2 4815
1 4818
3 4824
1 4825
2 4830
3 4831
2 4837
3 4837
2 4840
3 4841
2 4847
2 4854
1 4859
2 4859
2 4861
2 4861
2 4869
2 4871
3 4871
1 4876
1 4879
2 4881
3 4881
2 4892
2 4894
1 4905
2 4909
1 4912
2 4913
2 4920
3 4926
3 4929
2 4938
1 4945
1 4946
1 4954
1 4958
2 4958
1 4960
2 4960
2 4961
3 4972
1 4978
3 4982
3 4986
2 4990
2 4999
2 5015
3 5015
1 5017
3 5024
2 5025
1 5032
2 5035
1 5036
2 5048
2 5053
1 5055
2 5057
3 5058
2 5061
1 5062
1 5063
1 5078
1 5081
1 5103
2 5108
2 5109
1 5110
3 5115
2 5123
1 5124
2 5138
2 5139
1 5142
2 5148
2 5155
2 5157
1 5158
2 5159
3 5161
2 5163
1 5165
2 5169
2 5176
2 5185
2 5185
2 5190
3 5195
2 5204
3 5206
1 5210
2 5224
1 5237
2 5240
2 5242
1 5250
2 5255
3 5269
1 5280
3 5282
1 5283
1 5287
3 5288
3 5290
1 5296
2 5298
1 5304
3 5307
2 5310
3 5313
1 5324
2 5331
2 5331
2 5335
1 5336
2 5336
2 5347
2 5350
2 5360
3 5363
3 5370
1 5372
3 5373
1 5374
1 5382
2 5384
1 5389
1 5390
3 5397
3 5401
1 5404
1 5405
3 5418
1 5430
2 5432
1 5440
1 5448
1 5450
3 5470
1 5487
1 5488
1 5488
2 5490
2 5497
3 5498
3 5507
2 5508
2 5509
1 5514
1 5520
3 5523
1 5528
2 5533
3 5543
2 5547
1 5553
1 5555
2 5557
2 5562
1 5566
2 5570
3 5571
3 5599
3 5600
1 5601
2 5613
1 5617
1 5624
3 5624
1 5627
2 5628
1 5629
2 5647
2 5649
2 5657
2 5662
1 5663
1 5665
3 5665
2 5669
1 5681
2 5691
1 5698
2 5701
2 5702
3 5702
3 5704
2 5708
3 5717
2 5724
1 5741
2 5743
1 5755
2 5760
2 5761
2 5768
2 5771
2 5777
1 5783
3 5787
2 5791
2 5792
3 5799
3 5810
2 5814
1 5839
1 5851
1 5855
1 5856
3 5856
2 5864
1 5866
1 5868
2 5870
2 5882
3 5882
2 5889
2 5891
1 5893
1 5896
3 5900
1 5907
2 5914
3 5921
1 5931
1 5937
2 5943
1 5944
1 5951
1 5952
1 5952
1 5952
2 5955
2 5968
1 5977
2 5985
2 5988
3 5993
2 6002
1 6003
1 6005
3 6005
1 6010
3 6015
2 6016
3 6017
3 6042
1 6043
1 6049
2 6070
3 6081
1 6094
2 6098
2 6108
2 6109
1 6114
1 6118
2 6121
2 6122
2 6124
2 6127
2 6136
3 6138
2 6139
1 6150
2 6150
2 6159
3 6161
1 6172
3 6180
1 6186
3 6186
3 6228
2 6238
2 6238
1 6239
2 6241
2 6258
3 6260
1 6263
2 6264
3 6266
2 6284
2 6286
3 6290
1 6294
2 6294
2 6295
3 6296
3 6310
1 6313
2 6316
1 6317
2 6317
3 6324
2 6326
2 6327
2 6329
1 6344
2 6355
2 6363
3 6374
3 6379
3 6387
3 6390
2 6394
1 6402
2 6404
1 6405
1 6408
3 6412
2 6414
1 6415
1 6418
3 6423
2 6427
1 6431
2 6460
2 6470
1 6477
3 6484
1 6502
2 6506
1 6514
2 6518
2 6519
1 6549
2 6550
2 6558
1 6562
2 6567
1 6578
2 6580
3 6587
2 6589
1 6601
2 6606
1 6618
1 6620
2 6631
2 6639
2 6652
2 6693
2 6695
2 6700
2 6704
2 6710
3 6711
2 6729
2 6739
1 6754
2 6754
1 6756
2 6777
2 6778
2 6783
2 6785
1 6789
2 6803
2 6804
2 6813
2 6821
2 6835
3 6836
2 6840
2 6848
2 6850
2 6862
2 6874
3 6880
2 6885
1 6887
2 6889
2 6900
2 6903
2 6912
2 6917
3 6930
2 6934
2 6941
2 6946
2 6955
1 6958
1 6963
1 6968
1 6971
3 6981
1 6993
2 6997
1 6998
3 7002
1 7005
1 7011
2 7013
2 7028
2 7033
1 7035
2 7044
2 7044
1 7069
1 7084
1 7095
2 7107
1 7108
2 7114
1 7116
3 7120
2 7123
2 7129
1 7135
1 7145
1 7146
3 7165
3 7175
2 7184
2 7185
2 7187
1 7203
2 7205
1 7208
1 7215
3 7215
3 7215
2 7227
1 7254
2 7259
2 7264
2 7277
1 7283
2 7284
1 7288
3 7291
2 7304
2 7308
2 7322
2 7322
1 7331
3 7331
2 7332
2 7343
1 7348
3 7364
2 7385
1 7386
2 7387
2 7394
2 7415
1 7443
2 7444
2 7458
2 7461
2 7469
2 7476
2 7491
3 7495
2 7498
1 7510
1 7516
1 7528
2 7529
3 7533
2 7535
2 7551
1 7573
2 7583
1 7584
2 7591
1 7601
1 7608
2 7619
3 7629
3 7637
2 7646
1 7649
1 7659
2 7670
2 7680
1 7686
2 7695
2 7706
2 7710
1 7742
2 7748
2 7751
2 7758
1 7766
2 7778
2 7788
2 7797
2 7799
2 7802
2 7810
2 7815
2 7823
2 7832
1 7837
2 7840
2 7844
1 7853
1 7875
2 7881
2 7885
2 7886
2 7888
1 7890
1 7893
1 7897
2 7909
3 7926
1 7930
1 7932
1 7936
1 7939
2 7942
3 7946
1 7954
1 7958
2 7959
2 7960
2 7966
2 7968
3 7986
2 7998
2 8019
1 8021
3 8027
1 8052
1 8058
2 8061
2 8064
1 8070
3 8075
2 8087
2 8101
3 8114
3 8115
1 8125
2 8126
3 8132
2 8133
2 8175
2 8189
3 8195
2 8200
2 8201
1 8208
2 8213
2 8220
3 8228
1 8229
2 8229
1 8243
1 8244
1 8270
2 8279
2 8310
2 8333
2 8341
2 8347
1 8356
2 8379
2 8380
2 8390
2 8398
2 8401
2 8406
2 8416
2 8421
1 8425
2 8442
2 8462
3 8483
2 8487
2 8503
1 8504
2 8510
2 8517
2 8526
3 8551
2 8553
2 8562
2 8566
2 8574
2 8602
1 8609
1 8635
2 8689
1 8710
2 8721
1 8735
1 8744
2 8753
2 8757
3 8757
1 8760
1 8779
2 8780
2 8786
2 8791
2 8842
2 8842
3 8850
2 8860
2 8862
2 8865
2 8879
1 8893
1 8893
2 8905
1 8907
3 8923
2 8948
1 8969
2 8980
2 8992
2 9001
2 9003
3 9015
2 9031
2 9037
1 9044
3 9059
1 9062
2 9066
1 9076
2 9085
2 9110
2 9127
2 9132
2 9148
2 9151
1 9156
2 9161
2 9188
1 9195
3 9196
3 9197
2 9212
2 9226
2 9238
1 9255
2 9263
2 9275
1 9277
2 9295
2 9330
2 9332
2 9332
1 9367
3 9375
2 9384
1 9396
1 9397
2 9406
2 9408
2 9412
1 9426
1 9428
3 9432
1 9438
1 9450
2 9452
2 9483
2 9487
2 9526
2 9535
1 9542
1 9551
1 9563
2 9567
3 9574
2 9576
2 9675
2 9687
2 9709
1 9714
3 9724
2 9754
2 9756
2 9760
2 9767
2 9768
1 9778
1 9809
2 9809
2 9814
1 9852
2 9859
2 9885
1 9943
2 9955
3 9959
2 9966
2 9984
3 10016
2 10023
3 10040
1 10081
1 10094
2 10107
2 10118
1 10162
2 10170
2 10176
2 10189
3 10196
2 10255
2 10267
3 10278
2 10320
3 10324
3 10337
1 10364
2 10414
2 10424
3 10426
2 10442
2 10450
2 10452
2 10465
2 10486
2 10494
1 10500
3 10502
1 10583
2 10630
2 10635
2 10654
2 10665
3 10825
2 10838
1 10847
2 10863
2 10871
2 10914
1 10940
1 10952
2 10971
2 10972
2 10976
3 11020
3 11033
2 11061
1 11120
2 11122
2 11123
1 11165
3 11170
2 11176
3 11181
2 11191
2 11209
2 11219
3 11230
2 11249
1 11253
3 11315
1 11364
2 11383
2 11395
3 11404
3 11406
2 11453
2 11457
1 11484
2 11512
3 11558
2 11562
2 11570
3 11594
2 11600
2 11603
3 11630
2 11641
2 11688
2 11738
2 11743
3 11784
2 11817
2 11844
2 11922
1 11961
2 12016
2 12018
2 12026
2 12028
2 12068
2 12069
2 12075
1 12093
1 12109
2 12114
2 12180
2 12213
2 12216
3 12243
2 12304
2 12307
2 12332
2 12332
2 12339
2 12361
3 12371
2 12399
3 12438
3 12457
2 12493
2 12570
2 12587
2 12601
2 12678
1 12757
2 12777
3 12829
2 12830
2 12882
3 12885
2 12898
2 12902
2 12918
2 12918
2 12973
2 13017
3 13058
2 13147
1 13150
2 13152
2 13202
1 13318
1 13331
2 13363
3 13364
3 13370
1 13373
3 13373
2 13383
2 13523
1 13539
2 13539
3 13605
2 13630
2 13669
2 13674
2 13682
3 13699
1 13745
3 13762
2 13809
2 13822
2 13837
3 13890
3 13900
2 13909
2 13965
2 13966
3 13979
2 13989
2 13995
1 14005
2 14013
2 14119
2 14139
2 14144
2 14187
3 14228
1 14237
2 14242
3 14243
2 14291
3 14300
2 14318
2 14319
3 14328
2 14372
2 14428
2 14476
2 14496
1 14516
2 14522
2 14528
2 14559
2 14575
3 14599
2 14627
2 14708
3 14709
2 14771
1 14786
2 14831
2 14858
1 14879
2 14881
2 14894
3 14930
2 14968
3 14978
2 15001
3 15046
3 15060
3 15102
2 15172
2 15183
2 15188
2 15305
1 15324
2 15346
2 15365
3 15384
2 15391
2 15397
1 15404
2 15429
2 15446
2 15457
1 15458
2 15567
3 15599
2 15602
3 15672
2 15673
2 15677
2 15693
2 15756
2 15761
2 15797
2 15823
1 15851
1 15866
2 15868
2 15878
3 15907
2 15933
2 16031
1 16057
1 16077
2 16081
3 16088
2 16090
1 16115
2 16143
2 16280
2 16284
2 16332
3 16426
2 16427
2 16476
2 16483
2 16525
1 16527
2 16619
2 16623
3 16629
2 16654
2 16664
3 16699
1 16702
3 16706
2 16784
2 16793
3 16886
2 16893
3 16972
2 17000
3 17042
3 17075
3 17240
2 17317
1 17322
2 17362
3 17394
2 17554
3 17635
3 17652
3 17676
2 17742
1 17762
2 17837
2 17873
3 17878
2 17904
2 18063
3 18124
2 18137
1 18159
1 18164
3 18315
3 18346
3 18350
1 18402
2 18402
2 18462
2 18463
2 18487
2 18517
2 18570
2 18638
2 18638
2 18676
2 18691
2 18704
3 18705
2 18735
2 18859
2 18958
2 18963
3 18997
3 19043
3 19057
3 19091
3 19163
2 19172
2 19176
3 19209
2 19246
2 19284
1 19318
1 19381
2 19434
2 19446
2 19545
2 19550
2 19571
2 19639
1 19661
1 19718
3 19781
2 19783
2 19939
2 19957
1 19964
3 20077
3 20107
3 20115
3 20147
2 20156
2 20200
1 20201
2 20205
2 20272
2 20297
2 20323
1 20356
2 20363
2 20473
3 20514
3 20523
2 20540
2 20667
1 20718
2 20722
2 20755
2 20810
2 20970
2 21001
3 21008
3 21160
2 21232
3 21247
1 21332
3 21365
2 21397
3 21446
2 21451
3 21475
2 21523
1 21577
3 21580
2 21627
2 21659
2 21697
2 21757
2 21897
2 21907
3 21976
3 22012
1 22060
3 22064
2 22087
2 22143
2 22233
2 22246
3 22373
3 22381
3 22414
1 22429
2 22485
2 22552
1 22557
2 22573
1 22609
2 22723
3 22728
2 22787
3 22833
2 22836
2 23074
2 23086
2 23153
3 23260
3 23376
2 23411
1 23607
3 23693
2 23699
3 23790
2 23904
2 23919
2 23955
2 23957
2 23979
2 23981
3 24121
2 24269
1 24382
2 24457
2 24467
3 24488
3 24556
2 24816
2 24817
2 24919
2 24947
2 24953
2 24964
3 25046
2 25099
3 25099
2 25197
2 25285
2 25363
2 25405
3 25433
2 25453
2 25507
3 25516
2 25577
2 25596
3 25736
1 25796
2 25815
2 25890
2 25977
3 26075
3 26195
2 26198
2 26323
1 26327
3 26349
2 26413
2 26450
2 26520
1 26524
3 26548
2 26626
3 26681
3 26809
2 27015
3 27053
2 27282
1 27392
3 27444
3 27448
2 27517
2 27519
2 27787
1 27850
1 27934
2 27962
2 28162
3 28175
1 28193
3 28194
3 28211
2 28219
3 28226
2 28254
2 28351
3 28382
3 28411
2 28458
2 28498
3 28519
2 28577
3 28606
3 28641
1 28759
1 28918
1 29102
3 29313
3 29490
2 29505
3 29547
3 29548
2 29551
2 29573
3 29595
2 29750
2 29785
3 29992
2 30153
3 30197
1 30200
3 30245
3 30345
3 30382
3 30444
2 30487
2 30603
3 30625
3 30653
2 30749
2 30754
1 30823
2 30828
3 30964
2 30968
2 31125
3 31241
3 31247
3 31401
3 31411
3 31606
2 31769
2 31930
2 32047
3 32091
2 32113
3 32236
3 32282
2 32354
3 32370
3 32494
3 32505
2 32530
3 32600
2 32683
2 32716
1 32755
3 32840
3 32883
2 33314
2 33324
2 33463
3 33521
2 33696
3 33720
3 33750
3 33963
3 34124
2 34174
3 34367
2 34452
3 34612
3 34668
2 34863
3 34936
3 35004
2 35025
3 35055
3 35058
3 35165
3 35169
2 35198
3 35250
3 35393
2 35425
2 35732
3 35798
3 35836
3 35954
3 36138
3 36199
3 36280
3 36581
2 36657
2 36684
3 36702
2 36863
2 36908
2 37259
2 37518
2 37558
2 37839
2 38157
1 38183
2 38338
1 38347
2 38560
2 38636
3 38726
3 38788
2 39059
3 39741
3 39796
1 39910
3 39998
2 40082
3 40458
3 40655
2 40711
2 40890
3 40933
2 41087
2 41348
3 41462
2 41468
3 41678
3 41991
2 42243
3 42253
3 42278
1 42281
3 42359
3 42740
1 42788
2 42816
2 42857
3 43400
3 43401
3 43499
2 43734
3 43792
1 43853
2 43958
3 43999
3 44004
3 44179
2 44269
3 44509
3 44544
2 44607
2 44617
3 44617
3 44632
3 44792
3 44812
3 45335
2 45401
3 45521
2 45606
2 45608
2 45786
3 46298
3 46383
3 46738
2 47036
2 47064
3 47075
1 47083
3 47149
2 47195
3 47316
3 47600
3 47756
2 48067
2 48253
3 48764
2 48890
2 49173
3 49429
3 49464
3 49464
3 49645
3 49706
2 50042
3 50420
3 50436
3 50518
2 50651
3 50757
3 50985
3 51038
3 51382
1 51702
2 51855
3 51969
3 52117
3 52321
3 52346
2 52348
3 52360
2 52633
3 52675
3 52701
3 52882
3 53118
2 53209
1 53248
3 53290
2 53424
2 53512
1 53595
1 53627
3 53639
3 54122
3 54694
3 55323
3 55485
2 55491
2 55699
3 55711
3 55813
3 55872
2 55987
3 56252
2 57109
3 57174
3 57239
2 57689
3 58122
3 58267
3 58313
3 58728
2 58917
3 58972
2 59152
3 59172
3 59491
2 59572
3 59714
3 59780
2 59789
3 59974
3 60166
3 60605
3 60646
3 60665
2 61095
3 61276
3 62021
3 62324
2 62820
2 63145
2 63162
2 63167
3 63255
2 63538
3 63610
1 64562
3 64588
3 64765
3 65174
2 65471
3 65588
2 65672
1 65693
2 65813
2 65834
3 65862
2 66438
3 66754
2 67346
3 67508
3 67718
3 67773
3 68009
3 68037
2 68640
3 68646
3 68730
2 69631
3 69944
3 70382
3 70739
2 70852
3 71087
3 71686
3 71796
3 71884
2 72351
3 72441
3 73173
3 73309
2 73889
3 73930
2 74177
3 74973
3 75307
2 75476
3 75646
1 75703
3 75873
2 76022
3 76036
1 76179
3 77009
3 77230
2 77517
3 77606
3 77692
2 78186
3 78190
3 78277
3 78301
3 78752
3 78786
3 78951
3 79163
3 79613
3 80145
1 80205
3 80359
3 80516
2 80719
3 80811
3 81048
1 81656
3 81949
3 82336
3 83088
3 83109
3 83150
2 83240
3 83567
3 83612
3 83748
3 83915
2 84373
3 84783
3 84937
3 84984
2 85596
3 86165
3 86375
3 87052
3 87467
3 87922
3 88308
3 88632
3 88811
3 89130
2 89150
2 89511
3 89991
1 90272
2 91169
3 91530
3 91553
3 91951
3 92493
3 92614
3 92697
1 92973
3 93049
2 93203
3 94001
1 94491
3 94780
3 94798
3 94825
3 94901
3 95356
3 96278
3 96374
3 96803
3 97038
2 97435
3 97730
3 98607
3 98753
2 100221
3 100986
3 101146
3 101221
1 101649
3 102047
3 103670
3 103705
3 103714
3 104316
3 104536
2 106283
2 106635
3 106902
3 107182
3 107315
3 107341
1 108146
2 109111
3 109211
3 109362
3 109606
3 109777
3 110206
3 110467
3 111918
3 113920
3 114001
3 115473
2 115793
3 116259
3 116569
3 117078
3 119813
3 119842
3 119934
3 121602
3 123130
3 124627
3 124945
3 125057
3 125350
3 125808
3 125971
3 125999
3 127294
3 127854
3 128192
3 128272
3 128485
3 129117
2 129537
3 129925
3 130876
3 131091
3 131527
3 131646
3 131966
3 132121
3 132551
3 133186
3 134521
3 134975
2 135137
1 136240
3 137437
3 141050
3 142871
3 143221
3 144221
3 145645
3 145689
1 146969
3 149392
3 149436
3 150472
3 151681
3 152083
3 155851
3 157159
1 157595
2 158361
3 159078
3 159213
3 160124
3 162196
2 162339
3 162409
3 162647
3 164434
3 164512
1 168477
3 170098
3 170309
3 172223
3 172778
3 174709
3 177692
3 177850
3 180113
3 181140
3 181351
3 181876
3 186313
2 187030
1 188116
3 188544
3 192687
3 193786
3 193919
3 194532
1 195430
3 197182
3 197703
3 197910
3 198039
3 198206
3 200430
3 202016
2 202687
3 205641
3 209279
3 209484
3 209911
3 209980
3 211962
3 215827
3 217587
3 220850
3 222739
3 224223
3 227354
3 228898
2 229277
3 231753
3 233216
3 235216
3 237110
3 240679
3 241987
3 244169
3 244585
3 245128
2 257978
3 258838
2 263090
3 263492
3 266765
3 267035
3 270354
3 277327
3 279609
3 286042
3 286215
3 294175
1 298250
3 301548
3 303812
3 306558
3 310776
3 310895
3 312471
3 312940
3 313135
3 313390
3 315222
3 317396
3 318402
3 318525
3 319405
3 323479
3 325466
2 326942
3 327819
3 330910
3 333413
3 339466
3 340899
3 344069
3 345389
3 345860
3 346578
3 347905
3 352319
3 353758
3 357955
3 359095
3 361653
3 366320
3 371337
3 372135
3 395808
2 401767
3 403295
3 403308
3 405637
3 416734
3 420503
3 426342
1 426841
2 448561
3 449216
3 459099
3 465833
3 473724
3 489414
3 491171
3 491921
3 567922
3 578440
3 618468
3 655587
3 662455
3 670571
3 703600
3 779985
3 794447
3 827436
1 870356
3 979896
3 1174542
3 1175326
3 1411577
1 1415954
3 1633678
3 2983980
