1 50000 
2 25000 
3 16666 
4 12500 
5 10000 
6 8333 
7 7142 
8 6250 
9 5555 
10 5000 
11 4545 
12 4166 
13 3846 
14 3571 
15 3333 
16 3125 
17 2941 
18 2777 
19 2631 
20 2500 
21 2380 
22 2272 
23 2173 
24 2083 
25 2000 
26 1923 
27 1851 
28 1785 
29 1724 
30 1666 
31 1612 
32 1562 
33 1515 
34 1470 
35 1428 
36 1388 
37 1351 
38 1315 
39 1282 
40 1250 
41 1219 
42 1190 
43 1162 
44 1136 
45 1111 
46 1086 
47 1063 
48 1041 
49 1020 
50 1000 
51 980 
52 961 
53 943 
54 925 
55 909 
56 892 
57 877 
58 862 
59 847 
60 833 
61 819 
62 806 
63 793 
64 781 
65 769 
66 757 
67 746 
68 735 
69 724 
70 714 
71 704 
72 694 
73 684 
74 675 
75 666 
76 657 
77 649 
78 641 
79 632 
80 625 
81 617 
82 609 
83 602 
84 595 
85 588 
86 581 
87 574 
88 568 
89 561 
90 555 
91 549 
92 543 
93 537 
94 531 
95 526 
96 520 
97 515 
98 510 
99 505 
100 500 
101 495 
102 490 
103 485 
104 480 
105 476 
106 471 
107 467 
108 462 
109 458 
110 454 
111 450 
112 446 
113 442 
114 438 
115 434 
116 431 
117 427 
118 423 
119 420 
120 416 
121 413 
122 409 
123 406 
124 403 
125 400 
126 396 
127 393 
128 390 
129 387 
130 384 
131 381 
132 378 
133 375 
134 373 
135 370 
136 367 
137 364 
138 362 
139 359 
140 357 
141 354 
142 352 
143 349 
144 347 
145 344 
146 342 
147 340 
148 337 
149 335 
150 333 
151 331 
152 328 
153 326 
154 324 
155 322 
156 320 
157 318 
158 316 
159 314 
160 312 
161 310 
162 308 
163 306 
164 304 
165 303 
166 301 
167 299 
168 297 
169 295 
170 294 
171 292 
172 290 
173 289 
174 287 
175 285 
176 284 
177 282 
178 280 
179 279 
180 277 
181 276 
182 274 
183 273 
184 271 
185 270 
186 268 
187 267 
188 265 
189 264 
190 263 
191 261 
192 260 
193 259 
194 257 
195 256 
196 255 
197 253 
198 252 
199 251 
200 250 
201 248 
202 247 
203 246 
204 245 
205 243 
206 242 
207 241 
208 240 
209 239 
210 238 
211 236 
212 235 
213 234 
214 233 
215 232 
216 231 
217 230 
218 229 
219 228 
220 227 
221 226 
222 225 
223 224 
224 223 
225 222 
226 221 
227 220 
228 219 
229 218 
230 217 
231 216 
232 215 
233 214 
234 213 
235 212 
236 211 
237 210 
238 210 
239 209 
240 208 
241 207 
242 206 
243 205 
244 204 
245 204 
246 203 
247 202 
248 201 
249 200 
250 200 
251 199 
252 198 
253 197 
254 196 
255 196 
256 195 
257 194 
258 193 
259 193 
260 192 
261 191 
262 190 
263 190 
264 189 
265 188 
266 187 
267 187 
268 186 
269 185 
270 185 
271 184 
272 183 
273 183 
274 182 
275 181 
276 181 
277 180 
278 179 
279 179 
280 178 
281 177 
282 177 
283 176 
284 176 
285 175 
286 174 
287 174 
288 173 
289 173 
290 172 
291 171 
292 171 
293 170 
294 170 
295 169 
296 168 
297 168 
298 167 
299 167 
300 166 
301 166 
302 165 
303 165 
304 164 
305 163 
306 163 
307 162 
308 162 
309 161 
310 161 
311 160 
312 160 
313 159 
314 159 
315 158 
316 158 
317 157 
318 157 
319 156 
320 156 
321 155 
322 155 
323 154 
324 154 
325 153 
326 153 
327 152 
328 152 
329 151 
330 151 
331 151 
332 150 
333 150 
334 149 
335 149 
336 148 
337 148 
338 147 
339 147 
340 147 
341 146 
342 146 
343 145 
344 145 
345 144 
346 144 
347 144 
348 143 
349 143 
350 142 
351 142 
352 142 
353 141 
354 141 
355 140 
356 140 
357 140 
358 139 
359 139 
360 138 
361 138 
362 138 
363 137 
364 137 
365 136 
366 136 
367 136 
368 135 
369 135 
370 135 
371 134 
372 134 
373 134 
374 133 
375 133 
376 132 
377 132 
378 132 
379 131 
380 131 
381 131 
382 130 
383 130 
384 130 
385 129 
386 129 
387 129 
388 128 
389 128 
390 128 
391 127 
392 127 
393 127 
394 126 
395 126 
396 126 
397 125 
398 125 
399 125 
400 125 
401 124 
402 124 
403 124 
404 123 
405 123 
406 123 
407 122 
408 122 
409 122 
410 121 
411 121 
412 121 
413 121 
414 120 
415 120 
416 120 
417 119 
418 119 
419 119 
420 119 
421 118 
422 118 
423 118 
424 117 
425 117 
426 117 
427 117 
428 116 
429 116 
430 116 
431 116 
432 115 
433 115 
434 115 
435 114 
436 114 
437 114 
438 114 
439 113 
440 113 
441 113 
442 113 
443 112 
444 112 
445 112 
446 112 
447 111 
448 111 
449 111 
450 111 
451 110 
452 110 
453 110 
454 110 
455 109 
456 109 
457 109 
458 109 
459 108 
460 108 
461 108 
462 108 
463 107 
464 107 
465 107 
466 107 
467 107 
468 106 
469 106 
470 106 
471 106 
472 105 
473 105 
474 105 
475 105 
476 105 
477 104 
478 104 
479 104 
480 104 
481 103 
482 103 
483 103 
484 103 
485 103 
486 102 
487 102 
488 102 
489 102 
490 102 
491 101 
492 101 
493 101 
494 101 
495 101 
496 100 
497 100 
498 100 
499 100 
500 100 
501 99 
502 99 
503 99 
504 99 
505 99 
506 98 
507 98 
508 98 
509 98 
510 98 
511 97 
512 97 
513 97 
514 97 
515 97 
516 96 
517 96 
518 96 
519 96 
520 96 
521 95 
522 95 
523 95 
524 95 
525 95 
526 95 
527 94 
528 94 
529 94 
530 94 
531 94 
532 93 
533 93 
534 93 
535 93 
536 93 
537 93 
538 92 
539 92 
540 92 
541 92 
542 92 
543 92 
544 91 
545 91 
546 91 
547 91 
548 91 
549 91 
550 90 
551 90 
552 90 
553 90 
554 90 
555 90 
556 89 
557 89 
558 89 
559 89 
560 89 
561 89 
562 88 
563 88 
564 88 
565 88 
566 88 
567 88 
568 88 
569 87 
570 87 
571 87 
572 87 
573 87 
574 87 
575 86 
576 86 
577 86 
578 86 
579 86 
580 86 
581 86 
582 85 
583 85 
584 85 
585 85 
586 85 
587 85 
588 85 
589 84 
590 84 
591 84 
592 84 
593 84 
594 84 
595 84 
596 83 
597 83 
598 83 
599 83 
600 83 
601 83 
602 83 
603 82 
604 82 
605 82 
606 82 
607 82 
608 82 
609 82 
610 81 
611 81 
612 81 
613 81 
614 81 
615 81 
616 81 
617 81 
618 80 
619 80 
620 80 
621 80 
622 80 
623 80 
624 80 
625 80 
626 79 
627 79 
628 79 
629 79 
630 79 
631 79 
632 79 
633 78 
634 78 
635 78 
636 78 
637 78 
638 78 
639 78 
640 78 
641 78 
642 77 
643 77 
644 77 
645 77 
646 77 
647 77 
648 77 
649 77 
650 76 
651 76 
652 76 
653 76 
654 76 
655 76 
656 76 
657 76 
658 75 
659 75 
660 75 
661 75 
662 75 
663 75 
664 75 
665 75 
666 75 
667 74 
668 74 
669 74 
670 74 
671 74 
672 74 
673 74 
674 74 
675 74 
676 73 
677 73 
678 73 
679 73 
680 73 
681 73 
682 73 
683 73 
684 73 
685 72 
686 72 
687 72 
688 72 
689 72 
690 72 
691 72 
692 72 
693 72 
694 72 
695 71 
696 71 
697 71 
698 71 
699 71 
700 71 
701 71 
702 71 
703 71 
704 71 
705 70 
706 70 
707 70 
708 70 
709 70 
710 70 
711 70 
712 70 
713 70 
714 70 
715 69 
716 69 
717 69 
718 69 
719 69 
720 69 
721 69 
722 69 
723 69 
724 69 
725 68 
726 68 
727 68 
728 68 
729 68 
730 68 
731 68 
732 68 
733 68 
734 68 
735 68 
736 67 
737 67 
738 67 
739 67 
740 67 
741 67 
742 67 
743 67 
744 67 
745 67 
746 67 
747 66 
748 66 
749 66 
750 66 
751 66 
752 66 
753 66 
754 66 
755 66 
756 66 
757 66 
758 65 
759 65 
760 65 
761 65 
762 65 
763 65 
764 65 
765 65 
766 65 
767 65 
768 65 
769 65 
770 64 
771 64 
772 64 
773 64 
774 64 
775 64 
776 64 
777 64 
778 64 
779 64 
780 64 
781 64 
782 63 
783 63 
784 63 
785 63 
786 63 
787 63 
788 63 
789 63 
790 63 
791 63 
792 63 
793 63 
794 62 
795 62 
796 62 
797 62 
798 62 
799 62 
800 62 
801 62 
802 62 
803 62 
804 62 
805 62 
806 62 
807 61 
808 61 
809 61 
810 61 
811 61 
812 61 
813 61 
814 61 
815 61 
816 61 
817 61 
818 61 
819 61 
820 60 
821 60 
822 60 
823 60 
824 60 
825 60 
826 60 
827 60 
828 60 
829 60 
830 60 
831 60 
832 60 
833 60 
834 59 
835 59 
836 59 
837 59 
838 59 
839 59 
840 59 
841 59 
842 59 
843 59 
844 59 
845 59 
846 59 
847 59 
848 58 
849 58 
850 58 
851 58 
852 58 
853 58 
854 58 
855 58 
856 58 
857 58 
858 58 
859 58 
860 58 
861 58 
862 58 
863 57 
864 57 
865 57 
866 57 
867 57 
868 57 
869 57 
870 57 
871 57 
872 57 
873 57 
874 57 
875 57 
876 57 
877 57 
878 56 
879 56 
880 56 
881 56 
882 56 
883 56 
884 56 
885 56 
886 56 
887 56 
888 56 
889 56 
890 56 
891 56 
892 56 
893 55 
894 55 
895 55 
896 55 
897 55 
898 55 
899 55 
900 55 
901 55 
902 55 
903 55 
904 55 
905 55 
906 55 
907 55 
908 55 
909 55 
910 54 
911 54 
912 54 
913 54 
914 54 
915 54 
916 54 
917 54 
918 54 
919 54 
920 54 
921 54 
922 54 
923 54 
924 54 
925 54 
926 53 
927 53 
928 53 
929 53 
930 53 
931 53 
932 53 
933 53 
934 53 
935 53 
936 53 
937 53 
938 53 
939 53 
940 53 
941 53 
942 53 
943 53 
944 52 
945 52 
946 52 
947 52 
948 52 
949 52 
950 52 
951 52 
952 52 
953 52 
954 52 
955 52 
956 52 
957 52 
958 52 
959 52 
960 52 
961 52 
962 51 
963 51 
964 51 
965 51 
966 51 
967 51 
968 51 
969 51 
970 51 
971 51 
972 51 
973 51 
974 51 
975 51 
976 51 
977 51 
978 51 
979 51 
980 51 
981 50 
982 50 
983 50 
984 50 
985 50 
986 50 
987 50 
988 50 
989 50 
990 50 
991 50 
992 50 
993 50 
994 50 
995 50 
996 50 
997 50 
998 50 
999 50 
1000 50 
1001 49 
1002 49 
1003 49 
1004 49 
1005 49 
1006 49 
1007 49 
1008 49 
1009 49 
1010 49 
1011 49 
1012 49 
1013 49 
1014 49 
1015 49 
1016 49 
1017 49 
1018 49 
1019 49 
1020 49 
1021 48 
1022 48 
1023 48 
1024 48 
1025 48 
1026 48 
1027 48 
1028 48 
1029 48 
1030 48 
1031 48 
1032 48 
1033 48 
1034 48 
1035 48 
1036 48 
1037 48 
1038 48 
1039 48 
1040 48 
1041 48 
1042 47 
1043 47 
1044 47 
1045 47 
1046 47 
1047 47 
1048 47 
1049 47 
1050 47 
1051 47 
1052 47 
1053 47 
1054 47 
1055 47 
1056 47 
1057 47 
1058 47 
1059 47 
1060 47 
1061 47 
1062 47 
1063 47 
1064 46 
1065 46 
1066 46 
1067 46 
1068 46 
1069 46 
1070 46 
1071 46 
1072 46 
1073 46 
1074 46 
1075 46 
1076 46 
1077 46 
1078 46 
1079 46 
1080 46 
1081 46 
1082 46 
1083 46 
1084 46 
1085 46 
1086 46 
1087 45 
1088 45 
1089 45 
1090 45 
1091 45 
1092 45 
1093 45 
1094 45 
1095 45 
1096 45 
1097 45 
1098 45 
1099 45 
1100 45 
1101 45 
1102 45 
1103 45 
1104 45 
1105 45 
1106 45 
1107 45 
1108 45 
1109 45 
1110 45 
1111 45 
1112 44 
1113 44 
1114 44 
1115 44 
1116 44 
1117 44 
1118 44 
1119 44 
1120 44 
1121 44 
1122 44 
1123 44 
1124 44 
1125 44 
1126 44 
1127 44 
1128 44 
1129 44 
1130 44 
1131 44 
1132 44 
1133 44 
1134 44 
1135 44 
1136 44 
1137 43 
1138 43 
1139 43 
1140 43 
1141 43 
1142 43 
1143 43 
1144 43 
1145 43 
1146 43 
1147 43 
1148 43 
1149 43 
1150 43 
1151 43 
1152 43 
1153 43 
1154 43 
1155 43 
1156 43 
1157 43 
1158 43 
1159 43 
1160 43 
1161 43 
1162 43 
1163 42 
1164 42 
1165 42 
1166 42 
1167 42 
1168 42 
1169 42 
1170 42 
1171 42 
1172 42 
1173 42 
1174 42 
1175 42 
1176 42 
1177 42 
1178 42 
1179 42 
1180 42 
1181 42 
1182 42 
1183 42 
1184 42 
1185 42 
1186 42 
1187 42 
1188 42 
1189 42 
1190 42 
1191 41 
1192 41 
1193 41 
1194 41 
1195 41 
1196 41 
1197 41 
1198 41 
1199 41 
1200 41 
1201 41 
1202 41 
1203 41 
1204 41 
1205 41 
1206 41 
1207 41 
1208 41 
1209 41 
1210 41 
1211 41 
1212 41 
1213 41 
1214 41 
1215 41 
1216 41 
1217 41 
1218 41 
1219 41 
1220 40 
1221 40 
1222 40 
1223 40 
1224 40 
1225 40 
1226 40 
1227 40 
1228 40 
1229 40 
1230 40 
1231 40 
1232 40 
1233 40 
1234 40 
1235 40 
1236 40 
1237 40 
1238 40 
1239 40 
1240 40 
1241 40 
1242 40 
1243 40 
1244 40 
1245 40 
1246 40 
1247 40 
1248 40 
1249 40 
1250 40 
1251 39 
1252 39 
1253 39 
1254 39 
1255 39 
1256 39 
1257 39 
1258 39 
1259 39 
1260 39 
1261 39 
1262 39 
1263 39 
1264 39 
1265 39 
1266 39 
1267 39 
1268 39 
1269 39 
1270 39 
1271 39 
1272 39 
1273 39 
1274 39 
1275 39 
1276 39 
1277 39 
1278 39 
1279 39 
1280 39 
1281 39 
1282 39 
1283 38 
1284 38 
1285 38 
1286 38 
1287 38 
1288 38 
1289 38 
1290 38 
1291 38 
1292 38 
1293 38 
1294 38 
1295 38 
1296 38 
1297 38 
1298 38 
1299 38 
1300 38 
1301 38 
1302 38 
1303 38 
1304 38 
1305 38 
1306 38 
1307 38 
1308 38 
1309 38 
1310 38 
1311 38 
1312 38 
1313 38 
1314 38 
1315 38 
1316 37 
1317 37 
1318 37 
1319 37 
1320 37 
1321 37 
1322 37 
1323 37 
1324 37 
1325 37 
1326 37 
1327 37 
1328 37 
1329 37 
1330 37 
1331 37 
1332 37 
1333 37 
1334 37 
1335 37 
1336 37 
1337 37 
1338 37 
1339 37 
1340 37 
1341 37 
1342 37 
1343 37 
1344 37 
1345 37 
1346 37 
1347 37 
1348 37 
1349 37 
1350 37 
1351 37 
1352 36 
1353 36 
1354 36 
1355 36 
1356 36 
1357 36 
1358 36 
1359 36 
1360 36 
1361 36 
1362 36 
1363 36 
1364 36 
1365 36 
1366 36 
1367 36 
1368 36 
1369 36 
1370 36 
1371 36 
1372 36 
1373 36 
1374 36 
1375 36 
1376 36 
1377 36 
1378 36 
1379 36 
1380 36 
1381 36 
1382 36 
1383 36 
1384 36 
1385 36 
1386 36 
1387 36 
1388 36 
1389 35 
1390 35 
1391 35 
1392 35 
1393 35 
1394 35 
1395 35 
1396 35 
1397 35 
1398 35 
1399 35 
1400 35 
1401 35 
1402 35 
1403 35 
1404 35 
1405 35 
1406 35 
1407 35 
1408 35 
1409 35 
1410 35 
1411 35 
1412 35 
1413 35 
1414 35 
1415 35 
1416 35 
1417 35 
1418 35 
1419 35 
1420 35 
1421 35 
1422 35 
1423 35 
1424 35 
1425 35 
1426 35 
1427 35 
1428 35 
1429 34 
1430 34 
1431 34 
1432 34 
1433 34 
1434 34 
1435 34 
1436 34 
1437 34 
1438 34 
1439 34 
1440 34 
1441 34 
1442 34 
1443 34 
1444 34 
1445 34 
1446 34 
1447 34 
1448 34 
1449 34 
1450 34 
1451 34 
1452 34 
1453 34 
1454 34 
1455 34 
1456 34 
1457 34 
1458 34 
1459 34 
1460 34 
1461 34 
1462 34 
1463 34 
1464 34 
1465 34 
1466 34 
1467 34 
1468 34 
1469 34 
1470 34 
1471 33 
1472 33 
1473 33 
1474 33 
1475 33 
1476 33 
1477 33 
1478 33 
1479 33 
1480 33 
1481 33 
1482 33 
1483 33 
1484 33 
1485 33 
1486 33 
1487 33 
1488 33 
1489 33 
1490 33 
1491 33 
1492 33 
1493 33 
1494 33 
1495 33 
1496 33 
1497 33 
1498 33 
1499 33 
1500 33 
1501 33 
1502 33 
1503 33 
1504 33 
1505 33 
1506 33 
1507 33 
1508 33 
1509 33 
1510 33 
1511 33 
1512 33 
1513 33 
1514 33 
1515 33 
1516 32 
1517 32 
1518 32 
1519 32 
1520 32 
1521 32 
1522 32 
1523 32 
1524 32 
1525 32 
1526 32 
1527 32 
1528 32 
1529 32 
1530 32 
1531 32 
1532 32 
1533 32 
1534 32 
1535 32 
1536 32 
1537 32 
1538 32 
1539 32 
1540 32 
1541 32 
1542 32 
1543 32 
1544 32 
1545 32 
1546 32 
1547 32 
1548 32 
1549 32 
1550 32 
1551 32 
1552 32 
1553 32 
1554 32 
1555 32 
1556 32 
1557 32 
1558 32 
1559 32 
1560 32 
1561 32 
1562 32 
1563 31 
1564 31 
1565 31 
1566 31 
1567 31 
1568 31 
1569 31 
1570 31 
1571 31 
1572 31 
1573 31 
1574 31 
1575 31 
1576 31 
1577 31 
1578 31 
1579 31 
1580 31 
1581 31 
1582 31 
1583 31 
1584 31 
1585 31 
1586 31 
1587 31 
1588 31 
1589 31 
1590 31 
1591 31 
1592 31 
1593 31 
1594 31 
1595 31 
1596 31 
1597 31 
1598 31 
1599 31 
1600 31 
1601 31 
1602 31 
1603 31 
1604 31 
1605 31 
1606 31 
1607 31 
1608 31 
1609 31 
1610 31 
1611 31 
1612 31 
1613 30 
1614 30 
1615 30 
1616 30 
1617 30 
1618 30 
1619 30 
1620 30 
1621 30 
1622 30 
1623 30 
1624 30 
1625 30 
1626 30 
1627 30 
1628 30 
1629 30 
1630 30 
1631 30 
1632 30 
1633 30 
1634 30 
1635 30 
1636 30 
1637 30 
1638 30 
1639 30 
1640 30 
1641 30 
1642 30 
1643 30 
1644 30 
1645 30 
1646 30 
1647 30 
1648 30 
1649 30 
1650 30 
1651 30 
1652 30 
1653 30 
1654 30 
1655 30 
1656 30 
1657 30 
1658 30 
1659 30 
1660 30 
1661 30 
1662 30 
1663 30 
1664 30 
1665 30 
1666 30 
1667 29 
1668 29 
1669 29 
1670 29 
1671 29 
1672 29 
1673 29 
1674 29 
1675 29 
1676 29 
1677 29 
1678 29 
1679 29 
1680 29 
1681 29 
1682 29 
1683 29 
1684 29 
1685 29 
1686 29 
1687 29 
1688 29 
1689 29 
1690 29 
1691 29 
1692 29 
1693 29 
1694 29 
1695 29 
1696 29 
1697 29 
1698 29 
1699 29 
1700 29 
1701 29 
1702 29 
1703 29 
1704 29 
1705 29 
1706 29 
1707 29 
1708 29 
1709 29 
1710 29 
1711 29 
1712 29 
1713 29 
1714 29 
1715 29 
1716 29 
1717 29 
1718 29 
1719 29 
1720 29 
1721 29 
1722 29 
1723 29 
1724 29 
1725 28 
1726 28 
1727 28 
1728 28 
1729 28 
1730 28 
1731 28 
1732 28 
1733 28 
1734 28 
1735 28 
1736 28 
1737 28 
1738 28 
1739 28 
1740 28 
1741 28 
1742 28 
1743 28 
1744 28 
1745 28 
1746 28 
1747 28 
1748 28 
1749 28 
1750 28 
1751 28 
1752 28 
1753 28 
1754 28 
1755 28 
1756 28 
1757 28 
1758 28 
1759 28 
1760 28 
1761 28 
1762 28 
1763 28 
1764 28 
1765 28 
1766 28 
1767 28 
1768 28 
1769 28 
1770 28 
1771 28 
1772 28 
1773 28 
1774 28 
1775 28 
1776 28 
1777 28 
1778 28 
1779 28 
1780 28 
1781 28 
1782 28 
1783 28 
1784 28 
1785 28 
1786 27 
1787 27 
1788 27 
1789 27 
1790 27 
1791 27 
1792 27 
1793 27 
1794 27 
1795 27 
1796 27 
1797 27 
1798 27 
1799 27 
1800 27 
1801 27 
1802 27 
1803 27 
1804 27 
1805 27 
1806 27 
1807 27 
1808 27 
1809 27 
1810 27 
1811 27 
1812 27 
1813 27 
1814 27 
1815 27 
1816 27 
1817 27 
1818 27 
1819 27 
1820 27 
1821 27 
1822 27 
1823 27 
1824 27 
1825 27 
1826 27 
1827 27 
1828 27 
1829 27 
1830 27 
1831 27 
1832 27 
1833 27 
1834 27 
1835 27 
1836 27 
1837 27 
1838 27 
1839 27 
1840 27 
1841 27 
1842 27 
1843 27 
1844 27 
1845 27 
1846 27 
1847 27 
1848 27 
1849 27 
1850 27 
1851 27 
1852 26 
1853 26 
1854 26 
1855 26 
1856 26 
1857 26 
1858 26 
1859 26 
1860 26 
1861 26 
1862 26 
1863 26 
1864 26 
1865 26 
1866 26 
1867 26 
1868 26 
1869 26 
1870 26 
1871 26 
1872 26 
1873 26 
1874 26 
1875 26 
1876 26 
1877 26 
1878 26 
1879 26 
1880 26 
1881 26 
1882 26 
1883 26 
1884 26 
1885 26 
1886 26 
1887 26 
1888 26 
1889 26 
1890 26 
1891 26 
1892 26 
1893 26 
1894 26 
1895 26 
1896 26 
1897 26 
1898 26 
1899 26 
1900 26 
1901 26 
1902 26 
1903 26 
1904 26 
1905 26 
1906 26 
1907 26 
1908 26 
1909 26 
1910 26 
1911 26 
1912 26 
1913 26 
1914 26 
1915 26 
1916 26 
1917 26 
1918 26 
1919 26 
1920 26 
1921 26 
1922 26 
1923 26 
1924 25 
1925 25 
1926 25 
1927 25 
1928 25 
1929 25 
1930 25 
1931 25 
1932 25 
1933 25 
1934 25 
1935 25 
1936 25 
1937 25 
1938 25 
1939 25 
1940 25 
1941 25 
1942 25 
1943 25 
1944 25 
1945 25 
1946 25 
1947 25 
1948 25 
1949 25 
1950 25 
1951 25 
1952 25 
1953 25 
1954 25 
1955 25 
1956 25 
1957 25 
1958 25 
1959 25 
1960 25 
1961 25 
1962 25 
1963 25 
1964 25 
1965 25 
1966 25 
1967 25 
1968 25 
1969 25 
1970 25 
1971 25 
1972 25 
1973 25 
1974 25 
1975 25 
1976 25 
1977 25 
1978 25 
1979 25 
1980 25 
1981 25 
1982 25 
1983 25 
1984 25 
1985 25 
1986 25 
1987 25 
1988 25 
1989 25 
1990 25 
1991 25 
1992 25 
1993 25 
1994 25 
1995 25 
1996 25 
1997 25 
1998 25 
1999 25 
2000 25 
2001 24 
2002 24 
2003 24 
2004 24 
2005 24 
2006 24 
2007 24 
2008 24 
2009 24 
2010 24 
2011 24 
2012 24 
2013 24 
2014 24 
2015 24 
2016 24 
2017 24 
2018 24 
2019 24 
2020 24 
2021 24 
2022 24 
2023 24 
2024 24 
2025 24 
2026 24 
2027 24 
2028 24 
2029 24 
2030 24 
2031 24 
2032 24 
2033 24 
2034 24 
2035 24 
2036 24 
2037 24 
2038 24 
2039 24 
2040 24 
2041 24 
2042 24 
2043 24 
2044 24 
2045 24 
2046 24 
2047 24 
2048 24 
2049 24 
2050 24 
2051 24 
2052 24 
2053 24 
2054 24 
2055 24 
2056 24 
2057 24 
2058 24 
2059 24 
2060 24 
2061 24 
2062 24 
2063 24 
2064 24 
2065 24 
2066 24 
2067 24 
2068 24 
2069 24 
2070 24 
2071 24 
2072 24 
2073 24 
2074 24 
2075 24 
2076 24 
2077 24 
2078 24 
2079 24 
2080 24 
2081 24 
2082 24 
2083 24 
2084 23 
2085 23 
2086 23 
2087 23 
2088 23 
2089 23 
2090 23 
2091 23 
2092 23 
2093 23 
2094 23 
2095 23 
2096 23 
2097 23 
2098 23 
2099 23 
2100 23 
2101 23 
2102 23 
2103 23 
2104 23 
2105 23 
2106 23 
2107 23 
2108 23 
2109 23 
2110 23 
2111 23 
2112 23 
2113 23 
2114 23 
2115 23 
2116 23 
2117 23 
2118 23 
2119 23 
2120 23 
2121 23 
2122 23 
2123 23 
2124 23 
2125 23 
2126 23 
2127 23 
2128 23 
2129 23 
2130 23 
2131 23 
2132 23 
2133 23 
2134 23 
2135 23 
2136 23 
2137 23 
2138 23 
2139 23 
2140 23 
2141 23 
2142 23 
2143 23 
2144 23 
2145 23 
2146 23 
2147 23 
2148 23 
2149 23 
2150 23 
2151 23 
2152 23 
2153 23 
2154 23 
2155 23 
2156 23 
2157 23 
2158 23 
2159 23 
2160 23 
2161 23 
2162 23 
2163 23 
2164 23 
2165 23 
2166 23 
2167 23 
2168 23 
2169 23 
2170 23 
2171 23 
2172 23 
2173 23 
2174 22 
2175 22 
2176 22 
2177 22 
2178 22 
2179 22 
2180 22 
2181 22 
2182 22 
2183 22 
2184 22 
2185 22 
2186 22 
2187 22 
2188 22 
2189 22 
2190 22 
2191 22 
2192 22 
2193 22 
2194 22 
2195 22 
2196 22 
2197 22 
2198 22 
2199 22 
2200 22 
2201 22 
2202 22 
2203 22 
2204 22 
2205 22 
2206 22 
2207 22 
2208 22 
2209 22 
2210 22 
2211 22 
2212 22 
2213 22 
2214 22 
2215 22 
2216 22 
2217 22 
2218 22 
2219 22 
2220 22 
2221 22 
2222 22 
2223 22 
2224 22 
2225 22 
2226 22 
2227 22 
2228 22 
2229 22 
2230 22 
2231 22 
2232 22 
2233 22 
2234 22 
2235 22 
2236 22 
2237 22 
2238 22 
2239 22 
2240 22 
2241 22 
2242 22 
2243 22 
2244 22 
2245 22 
2246 22 
2247 22 
2248 22 
2249 22 
2250 22 
2251 22 
2252 22 
2253 22 
2254 22 
2255 22 
2256 22 
2257 22 
2258 22 
2259 22 
2260 22 
2261 22 
2262 22 
2263 22 
2264 22 
2265 22 
2266 22 
2267 22 
2268 22 
2269 22 
2270 22 
2271 22 
2272 22 
2273 21 
2274 21 
2275 21 
2276 21 
2277 21 
2278 21 
2279 21 
2280 21 
2281 21 
2282 21 
2283 21 
2284 21 
2285 21 
2286 21 
2287 21 
2288 21 
2289 21 
2290 21 
2291 21 
2292 21 
2293 21 
2294 21 
2295 21 
2296 21 
2297 21 
2298 21 
2299 21 
2300 21 
2301 21 
2302 21 
2303 21 
2304 21 
2305 21 
2306 21 
2307 21 
2308 21 
2309 21 
2310 21 
2311 21 
2312 21 
2313 21 
2314 21 
2315 21 
2316 21 
2317 21 
2318 21 
2319 21 
2320 21 
2321 21 
2322 21 
2323 21 
2324 21 
2325 21 
2326 21 
2327 21 
2328 21 
2329 21 
2330 21 
2331 21 
2332 21 
2333 21 
2334 21 
2335 21 
2336 21 
2337 21 
2338 21 
2339 21 
2340 21 
2341 21 
2342 21 
2343 21 
2344 21 
2345 21 
2346 21 
2347 21 
2348 21 
2349 21 
2350 21 
2351 21 
2352 21 
2353 21 
2354 21 
2355 21 
2356 21 
2357 21 
2358 21 
2359 21 
2360 21 
2361 21 
2362 21 
2363 21 
2364 21 
2365 21 
2366 21 
2367 21 
2368 21 
2369 21 
2370 21 
2371 21 
2372 21 
2373 21 
2374 21 
2375 21 
2376 21 
2377 21 
2378 21 
2379 21 
2380 21 
2381 20 
2382 20 
2383 20 
2384 20 
2385 20 
2386 20 
2387 20 
2388 20 
2389 20 
2390 20 
2391 20 
2392 20 
2393 20 
2394 20 
2395 20 
2396 20 
2397 20 
2398 20 
2399 20 
2400 20 
2401 20 
2402 20 
2403 20 
2404 20 
2405 20 
2406 20 
2407 20 
2408 20 
2409 20 
2410 20 
2411 20 
2412 20 
2413 20 
2414 20 
2415 20 
2416 20 
2417 20 
2418 20 
2419 20 
2420 20 
2421 20 
2422 20 
2423 20 
2424 20 
2425 20 
2426 20 
2427 20 
2428 20 
2429 20 
2430 20 
2431 20 
2432 20 
2433 20 
2434 20 
2435 20 
2436 20 
2437 20 
2438 20 
2439 20 
2440 20 
2441 20 
2442 20 
2443 20 
2444 20 
2445 20 
2446 20 
2447 20 
2448 20 
2449 20 
2450 20 
2451 20 
2452 20 
2453 20 
2454 20 
2455 20 
2456 20 
2457 20 
2458 20 
2459 20 
2460 20 
2461 20 
2462 20 
2463 20 
2464 20 
2465 20 
2466 20 
2467 20 
2468 20 
2469 20 
2470 20 
2471 20 
2472 20 
2473 20 
2474 20 
2475 20 
2476 20 
2477 20 
2478 20 
2479 20 
2480 20 
2481 20 
2482 20 
2483 20 
2484 20 
2485 20 
2486 20 
2487 20 
2488 20 
2489 20 
2490 20 
2491 20 
2492 20 
2493 20 
2494 20 
2495 20 
2496 20 
2497 20 
2498 20 
2499 20 
2500 20 
2501 19 
2502 19 
2503 19 
2504 19 
2505 19 
2506 19 
2507 19 
2508 19 
2509 19 
2510 19 
2511 19 
2512 19 
2513 19 
2514 19 
2515 19 
2516 19 
2517 19 
2518 19 
2519 19 
2520 19 
2521 19 
2522 19 
2523 19 
2524 19 
2525 19 
2526 19 
2527 19 
2528 19 
2529 19 
2530 19 
2531 19 
2532 19 
2533 19 
2534 19 
2535 19 
2536 19 
2537 19 
2538 19 
2539 19 
2540 19 
2541 19 
2542 19 
2543 19 
2544 19 
2545 19 
2546 19 
2547 19 
2548 19 
2549 19 
2550 19 
2551 19 
2552 19 
2553 19 
2554 19 
2555 19 
2556 19 
2557 19 
2558 19 
2559 19 
2560 19 
2561 19 
2562 19 
2563 19 
2564 19 
2565 19 
2566 19 
2567 19 
2568 19 
2569 19 
2570 19 
2571 19 
2572 19 
2573 19 
2574 19 
2575 19 
2576 19 
2577 19 
2578 19 
2579 19 
2580 19 
2581 19 
2582 19 
2583 19 
2584 19 
2585 19 
2586 19 
2587 19 
2588 19 
2589 19 
2590 19 
2591 19 
2592 19 
2593 19 
2594 19 
2595 19 
2596 19 
2597 19 
2598 19 
2599 19 
2600 19 
2601 19 
2602 19 
2603 19 
2604 19 
2605 19 
2606 19 
2607 19 
2608 19 
2609 19 
2610 19 
2611 19 
2612 19 
2613 19 
2614 19 
2615 19 
2616 19 
2617 19 
2618 19 
2619 19 
2620 19 
2621 19 
2622 19 
2623 19 
2624 19 
2625 19 
2626 19 
2627 19 
2628 19 
2629 19 
2630 19 
2631 19 
2632 18 
2633 18 
2634 18 
2635 18 
2636 18 
2637 18 
2638 18 
2639 18 
2640 18 
2641 18 
2642 18 
2643 18 
2644 18 
2645 18 
2646 18 
2647 18 
2648 18 
2649 18 
2650 18 
2651 18 
2652 18 
2653 18 
2654 18 
2655 18 
2656 18 
2657 18 
2658 18 
2659 18 
2660 18 
2661 18 
2662 18 
2663 18 
2664 18 
2665 18 
2666 18 
2667 18 
2668 18 
2669 18 
2670 18 
2671 18 
2672 18 
2673 18 
2674 18 
2675 18 
2676 18 
2677 18 
2678 18 
2679 18 
2680 18 
2681 18 
2682 18 
2683 18 
2684 18 
2685 18 
2686 18 
2687 18 
2688 18 
2689 18 
2690 18 
2691 18 
2692 18 
2693 18 
2694 18 
2695 18 
2696 18 
2697 18 
2698 18 
2699 18 
2700 18 
2701 18 
2702 18 
2703 18 
2704 18 
2705 18 
2706 18 
2707 18 
2708 18 
2709 18 
2710 18 
2711 18 
2712 18 
2713 18 
2714 18 
2715 18 
2716 18 
2717 18 
2718 18 
2719 18 
2720 18 
2721 18 
2722 18 
2723 18 
2724 18 
2725 18 
2726 18 
2727 18 
2728 18 
2729 18 
2730 18 
2731 18 
2732 18 
2733 18 
2734 18 
2735 18 
2736 18 
2737 18 
2738 18 
2739 18 
2740 18 
2741 18 
2742 18 
2743 18 
2744 18 
2745 18 
2746 18 
2747 18 
2748 18 
2749 18 
2750 18 
2751 18 
2752 18 
2753 18 
2754 18 
2755 18 
2756 18 
2757 18 
2758 18 
2759 18 
2760 18 
2761 18 
2762 18 
2763 18 
2764 18 
2765 18 
2766 18 
2767 18 
2768 18 
2769 18 
2770 18 
2771 18 
2772 18 
2773 18 
2774 18 
2775 18 
2776 18 
2777 18 
2778 17 
2779 17 
2780 17 
2781 17 
2782 17 
2783 17 
2784 17 
2785 17 
2786 17 
2787 17 
2788 17 
2789 17 
2790 17 
2791 17 
2792 17 
2793 17 
2794 17 
2795 17 
2796 17 
2797 17 
2798 17 
2799 17 
2800 17 
2801 17 
2802 17 
2803 17 
2804 17 
2805 17 
2806 17 
2807 17 
2808 17 
2809 17 
2810 17 
2811 17 
2812 17 
2813 17 
2814 17 
2815 17 
2816 17 
2817 17 
2818 17 
2819 17 
2820 17 
2821 17 
2822 17 
2823 17 
2824 17 
2825 17 
2826 17 
2827 17 
2828 17 
2829 17 
2830 17 
2831 17 
2832 17 
2833 17 
2834 17 
2835 17 
2836 17 
2837 17 
2838 17 
2839 17 
2840 17 
2841 17 
2842 17 
2843 17 
2844 17 
2845 17 
2846 17 
2847 17 
2848 17 
2849 17 
2850 17 
2851 17 
2852 17 
2853 17 
2854 17 
2855 17 
2856 17 
2857 17 
2858 17 
2859 17 
2860 17 
2861 17 
2862 17 
2863 17 
2864 17 
2865 17 
2866 17 
2867 17 
2868 17 
2869 17 
2870 17 
2871 17 
2872 17 
2873 17 
2874 17 
2875 17 
2876 17 
2877 17 
2878 17 
2879 17 
2880 17 
2881 17 
2882 17 
2883 17 
2884 17 
2885 17 
2886 17 
2887 17 
2888 17 
2889 17 
2890 17 
2891 17 
2892 17 
2893 17 
2894 17 
2895 17 
2896 17 
2897 17 
2898 17 
2899 17 
2900 17 
2901 17 
2902 17 
2903 17 
2904 17 
2905 17 
2906 17 
2907 17 
2908 17 
2909 17 
2910 17 
2911 17 
2912 17 
2913 17 
2914 17 
2915 17 
2916 17 
2917 17 
2918 17 
2919 17 
2920 17 
2921 17 
2922 17 
2923 17 
2924 17 
2925 17 
2926 17 
2927 17 
2928 17 
2929 17 
2930 17 
2931 17 
2932 17 
2933 17 
2934 17 
2935 17 
2936 17 
2937 17 
2938 17 
2939 17 
2940 17 
2941 17 
2942 16 
2943 16 
2944 16 
2945 16 
2946 16 
2947 16 
2948 16 
2949 16 
2950 16 
2951 16 
2952 16 
2953 16 
2954 16 
2955 16 
2956 16 
2957 16 
2958 16 
2959 16 
2960 16 
2961 16 
2962 16 
2963 16 
2964 16 
2965 16 
2966 16 
2967 16 
2968 16 
2969 16 
2970 16 
2971 16 
2972 16 
2973 16 
2974 16 
2975 16 
2976 16 
2977 16 
2978 16 
2979 16 
2980 16 
2981 16 
2982 16 
2983 16 
2984 16 
2985 16 
2986 16 
2987 16 
2988 16 
2989 16 
2990 16 
2991 16 
2992 16 
2993 16 
2994 16 
2995 16 
2996 16 
2997 16 
2998 16 
2999 16 
3000 16 
3001 16 
3002 16 
3003 16 
3004 16 
3005 16 
3006 16 
3007 16 
3008 16 
3009 16 
3010 16 
3011 16 
3012 16 
3013 16 
3014 16 
3015 16 
3016 16 
3017 16 
3018 16 
3019 16 
3020 16 
3021 16 
3022 16 
3023 16 
3024 16 
3025 16 
3026 16 
3027 16 
3028 16 
3029 16 
3030 16 
3031 16 
3032 16 
3033 16 
3034 16 
3035 16 
3036 16 
3037 16 
3038 16 
3039 16 
3040 16 
3041 16 
3042 16 
3043 16 
3044 16 
3045 16 
3046 16 
3047 16 
3048 16 
3049 16 
3050 16 
3051 16 
3052 16 
3053 16 
3054 16 
3055 16 
3056 16 
3057 16 
3058 16 
3059 16 
3060 16 
3061 16 
3062 16 
3063 16 
3064 16 
3065 16 
3066 16 
3067 16 
3068 16 
3069 16 
3070 16 
3071 16 
3072 16 
3073 16 
3074 16 
3075 16 
3076 16 
3077 16 
3078 16 
3079 16 
3080 16 
3081 16 
3082 16 
3083 16 
3084 16 
3085 16 
3086 16 
3087 16 
3088 16 
3089 16 
3090 16 
3091 16 
3092 16 
3093 16 
3094 16 
3095 16 
3096 16 
3097 16 
3098 16 
3099 16 
3100 16 
3101 16 
3102 16 
3103 16 
3104 16 
3105 16 
3106 16 
3107 16 
3108 16 
3109 16 
3110 16 
3111 16 
3112 16 
3113 16 
3114 16 
3115 16 
3116 16 
3117 16 
3118 16 
3119 16 
3120 16 
3121 16 
3122 16 
3123 16 
3124 16 
3125 16 
3126 15 
3127 15 
3128 15 
3129 15 
3130 15 
3131 15 
3132 15 
3133 15 
3134 15 
3135 15 
3136 15 
3137 15 
3138 15 
3139 15 
3140 15 
3141 15 
3142 15 
3143 15 
3144 15 
3145 15 
3146 15 
3147 15 
3148 15 
3149 15 
3150 15 
3151 15 
3152 15 
3153 15 
3154 15 
3155 15 
3156 15 
3157 15 
3158 15 
3159 15 
3160 15 
3161 15 
3162 15 
3163 15 
3164 15 
3165 15 
3166 15 
3167 15 
3168 15 
3169 15 
3170 15 
3171 15 
3172 15 
3173 15 
3174 15 
3175 15 
3176 15 
3177 15 
3178 15 
3179 15 
3180 15 
3181 15 
3182 15 
3183 15 
3184 15 
3185 15 
3186 15 
3187 15 
3188 15 
3189 15 
3190 15 
3191 15 
3192 15 
3193 15 
3194 15 
3195 15 
3196 15 
3197 15 
3198 15 
3199 15 
3200 15 
3201 15 
3202 15 
3203 15 
3204 15 
3205 15 
3206 15 
3207 15 
3208 15 
3209 15 
3210 15 
3211 15 
3212 15 
3213 15 
3214 15 
3215 15 
3216 15 
3217 15 
3218 15 
3219 15 
3220 15 
3221 15 
3222 15 
3223 15 
3224 15 
3225 15 
3226 15 
3227 15 
3228 15 
3229 15 
3230 15 
3231 15 
3232 15 
3233 15 
3234 15 
3235 15 
3236 15 
3237 15 
3238 15 
3239 15 
3240 15 
3241 15 
3242 15 
3243 15 
3244 15 
3245 15 
3246 15 
3247 15 
3248 15 
3249 15 
3250 15 
3251 15 
3252 15 
3253 15 
3254 15 
3255 15 
3256 15 
3257 15 
3258 15 
3259 15 
3260 15 
3261 15 
3262 15 
3263 15 
3264 15 
3265 15 
3266 15 
3267 15 
3268 15 
3269 15 
3270 15 
3271 15 
3272 15 
3273 15 
3274 15 
3275 15 
3276 15 
3277 15 
3278 15 
3279 15 
3280 15 
3281 15 
3282 15 
3283 15 
3284 15 
3285 15 
3286 15 
3287 15 
3288 15 
3289 15 
3290 15 
3291 15 
3292 15 
3293 15 
3294 15 
3295 15 
3296 15 
3297 15 
3298 15 
3299 15 
3300 15 
3301 15 
3302 15 
3303 15 
3304 15 
3305 15 
3306 15 
3307 15 
3308 15 
3309 15 
3310 15 
3311 15 
3312 15 
3313 15 
3314 15 
3315 15 
3316 15 
3317 15 
3318 15 
3319 15 
3320 15 
3321 15 
3322 15 
3323 15 
3324 15 
3325 15 
3326 15 
3327 15 
3328 15 
3329 15 
3330 15 
3331 15 
3332 15 
3333 15 
3334 14 
3335 14 
3336 14 
3337 14 
3338 14 
3339 14 
3340 14 
3341 14 
3342 14 
3343 14 
3344 14 
3345 14 
3346 14 
3347 14 
3348 14 
3349 14 
3350 14 
3351 14 
3352 14 
3353 14 
3354 14 
3355 14 
3356 14 
3357 14 
3358 14 
3359 14 
3360 14 
3361 14 
3362 14 
3363 14 
3364 14 
3365 14 
3366 14 
3367 14 
3368 14 
3369 14 
3370 14 
3371 14 
3372 14 
3373 14 
3374 14 
3375 14 
3376 14 
3377 14 
3378 14 
3379 14 
3380 14 
3381 14 
3382 14 
3383 14 
3384 14 
3385 14 
3386 14 
3387 14 
3388 14 
3389 14 
3390 14 
3391 14 
3392 14 
3393 14 
3394 14 
3395 14 
3396 14 
3397 14 
3398 14 
3399 14 
3400 14 
3401 14 
3402 14 
3403 14 
3404 14 
3405 14 
3406 14 
3407 14 
3408 14 
3409 14 
3410 14 
3411 14 
3412 14 
3413 14 
3414 14 
3415 14 
3416 14 
3417 14 
3418 14 
3419 14 
3420 14 
3421 14 
3422 14 
3423 14 
3424 14 
3425 14 
3426 14 
3427 14 
3428 14 
3429 14 
3430 14 
3431 14 
3432 14 
3433 14 
3434 14 
3435 14 
3436 14 
3437 14 
3438 14 
3439 14 
3440 14 
3441 14 
3442 14 
3443 14 
3444 14 
3445 14 
3446 14 
3447 14 
3448 14 
3449 14 
3450 14 
3451 14 
3452 14 
3453 14 
3454 14 
3455 14 
3456 14 
3457 14 
3458 14 
3459 14 
3460 14 
3461 14 
3462 14 
3463 14 
3464 14 
3465 14 
3466 14 
3467 14 
3468 14 
3469 14 
3470 14 
3471 14 
3472 14 
3473 14 
3474 14 
3475 14 
3476 14 
3477 14 
3478 14 
3479 14 
3480 14 
3481 14 
3482 14 
3483 14 
3484 14 
3485 14 
3486 14 
3487 14 
3488 14 
3489 14 
3490 14 
3491 14 
3492 14 
3493 14 
3494 14 
3495 14 
3496 14 
3497 14 
3498 14 
3499 14 
3500 14 
3501 14 
3502 14 
3503 14 
3504 14 
3505 14 
3506 14 
3507 14 
3508 14 
3509 14 
3510 14 
3511 14 
3512 14 
3513 14 
3514 14 
3515 14 
3516 14 
3517 14 
3518 14 
3519 14 
3520 14 
3521 14 
3522 14 
3523 14 
3524 14 
3525 14 
3526 14 
3527 14 
3528 14 
3529 14 
3530 14 
3531 14 
3532 14 
3533 14 
3534 14 
3535 14 
3536 14 
3537 14 
3538 14 
3539 14 
3540 14 
3541 14 
3542 14 
3543 14 
3544 14 
3545 14 
3546 14 
3547 14 
3548 14 
3549 14 
3550 14 
3551 14 
3552 14 
3553 14 
3554 14 
3555 14 
3556 14 
3557 14 
3558 14 
3559 14 
3560 14 
3561 14 
3562 14 
3563 14 
3564 14 
3565 14 
3566 14 
3567 14 
3568 14 
3569 14 
3570 14 
3571 14 
3572 13 
3573 13 
3574 13 
3575 13 
3576 13 
3577 13 
3578 13 
3579 13 
3580 13 
3581 13 
3582 13 
3583 13 
3584 13 
3585 13 
3586 13 
3587 13 
3588 13 
3589 13 
3590 13 
3591 13 
3592 13 
3593 13 
3594 13 
3595 13 
3596 13 
3597 13 
3598 13 
3599 13 
3600 13 
3601 13 
3602 13 
3603 13 
3604 13 
3605 13 
3606 13 
3607 13 
3608 13 
3609 13 
3610 13 
3611 13 
3612 13 
3613 13 
3614 13 
3615 13 
3616 13 
3617 13 
3618 13 
3619 13 
3620 13 
3621 13 
3622 13 
3623 13 
3624 13 
3625 13 
3626 13 
3627 13 
3628 13 
3629 13 
3630 13 
3631 13 
3632 13 
3633 13 
3634 13 
3635 13 
3636 13 
3637 13 
3638 13 
3639 13 
3640 13 
3641 13 
3642 13 
3643 13 
3644 13 
3645 13 
3646 13 
3647 13 
3648 13 
3649 13 
3650 13 
3651 13 
3652 13 
3653 13 
3654 13 
3655 13 
3656 13 
3657 13 
3658 13 
3659 13 
3660 13 
3661 13 
3662 13 
3663 13 
3664 13 
3665 13 
3666 13 
3667 13 
3668 13 
3669 13 
3670 13 
3671 13 
3672 13 
3673 13 
3674 13 
3675 13 
3676 13 
3677 13 
3678 13 
3679 13 
3680 13 
3681 13 
3682 13 
3683 13 
3684 13 
3685 13 
3686 13 
3687 13 
3688 13 
3689 13 
3690 13 
3691 13 
3692 13 
3693 13 
3694 13 
3695 13 
3696 13 
3697 13 
3698 13 
3699 13 
3700 13 
3701 13 
3702 13 
3703 13 
3704 13 
3705 13 
3706 13 
3707 13 
3708 13 
3709 13 
3710 13 
3711 13 
3712 13 
3713 13 
3714 13 
3715 13 
3716 13 
3717 13 
3718 13 
3719 13 
3720 13 
3721 13 
3722 13 
3723 13 
3724 13 
3725 13 
3726 13 
3727 13 
3728 13 
3729 13 
3730 13 
3731 13 
3732 13 
3733 13 
3734 13 
3735 13 
3736 13 
3737 13 
3738 13 
3739 13 
3740 13 
3741 13 
3742 13 
3743 13 
3744 13 
3745 13 
3746 13 
3747 13 
3748 13 
3749 13 
3750 13 
3751 13 
3752 13 
3753 13 
3754 13 
3755 13 
3756 13 
3757 13 
3758 13 
3759 13 
3760 13 
3761 13 
3762 13 
3763 13 
3764 13 
3765 13 
3766 13 
3767 13 
3768 13 
3769 13 
3770 13 
3771 13 
3772 13 
3773 13 
3774 13 
3775 13 
3776 13 
3777 13 
3778 13 
3779 13 
3780 13 
3781 13 
3782 13 
3783 13 
3784 13 
3785 13 
3786 13 
3787 13 
3788 13 
3789 13 
3790 13 
3791 13 
3792 13 
3793 13 
3794 13 
3795 13 
3796 13 
3797 13 
3798 13 
3799 13 
3800 13 
3801 13 
3802 13 
3803 13 
3804 13 
3805 13 
3806 13 
3807 13 
3808 13 
3809 13 
3810 13 
3811 13 
3812 13 
3813 13 
3814 13 
3815 13 
3816 13 
3817 13 
3818 13 
3819 13 
3820 13 
3821 13 
3822 13 
3823 13 
3824 13 
3825 13 
3826 13 
3827 13 
3828 13 
3829 13 
3830 13 
3831 13 
3832 13 
3833 13 
3834 13 
3835 13 
3836 13 
3837 13 
3838 13 
3839 13 
3840 13 
3841 13 
3842 13 
3843 13 
3844 13 
3845 13 
3846 13 
3847 12 
3848 12 
3849 12 
3850 12 
3851 12 
3852 12 
3853 12 
3854 12 
3855 12 
3856 12 
3857 12 
3858 12 
3859 12 
3860 12 
3861 12 
3862 12 
3863 12 
3864 12 
3865 12 
3866 12 
3867 12 
3868 12 
3869 12 
3870 12 
3871 12 
3872 12 
3873 12 
3874 12 
3875 12 
3876 12 
3877 12 
3878 12 
3879 12 
3880 12 
3881 12 
3882 12 
3883 12 
3884 12 
3885 12 
3886 12 
3887 12 
3888 12 
3889 12 
3890 12 
3891 12 
3892 12 
3893 12 
3894 12 
3895 12 
3896 12 
3897 12 
3898 12 
3899 12 
3900 12 
3901 12 
3902 12 
3903 12 
3904 12 
3905 12 
3906 12 
3907 12 
3908 12 
3909 12 
3910 12 
3911 12 
3912 12 
3913 12 
3914 12 
3915 12 
3916 12 
3917 12 
3918 12 
3919 12 
3920 12 
3921 12 
3922 12 
3923 12 
3924 12 
3925 12 
3926 12 
3927 12 
3928 12 
3929 12 
3930 12 
3931 12 
3932 12 
3933 12 
3934 12 
3935 12 
3936 12 
3937 12 
3938 12 
3939 12 
3940 12 
3941 12 
3942 12 
3943 12 
3944 12 
3945 12 
3946 12 
3947 12 
3948 12 
3949 12 
3950 12 
3951 12 
3952 12 
3953 12 
3954 12 
3955 12 
3956 12 
3957 12 
3958 12 
3959 12 
3960 12 
3961 12 
3962 12 
3963 12 
3964 12 
3965 12 
3966 12 
3967 12 
3968 12 
3969 12 
3970 12 
3971 12 
3972 12 
3973 12 
3974 12 
3975 12 
3976 12 
3977 12 
3978 12 
3979 12 
3980 12 
3981 12 
3982 12 
3983 12 
3984 12 
3985 12 
3986 12 
3987 12 
3988 12 
3989 12 
3990 12 
3991 12 
3992 12 
3993 12 
3994 12 
3995 12 
3996 12 
3997 12 
3998 12 
3999 12 
4000 12 
4001 12 
4002 12 
4003 12 
4004 12 
4005 12 
4006 12 
4007 12 
4008 12 
4009 12 
4010 12 
4011 12 
4012 12 
4013 12 
4014 12 
4015 12 
4016 12 
4017 12 
4018 12 
4019 12 
4020 12 
4021 12 
4022 12 
4023 12 
4024 12 
4025 12 
4026 12 
4027 12 
4028 12 
4029 12 
4030 12 
4031 12 
4032 12 
4033 12 
4034 12 
4035 12 
4036 12 
4037 12 
4038 12 
4039 12 
4040 12 
4041 12 
4042 12 
4043 12 
4044 12 
4045 12 
4046 12 
4047 12 
4048 12 
4049 12 
4050 12 
4051 12 
4052 12 
4053 12 
4054 12 
4055 12 
4056 12 
4057 12 
4058 12 
4059 12 
4060 12 
4061 12 
4062 12 
4063 12 
4064 12 
4065 12 
4066 12 
4067 12 
4068 12 
4069 12 
4070 12 
4071 12 
4072 12 
4073 12 
4074 12 
4075 12 
4076 12 
4077 12 
4078 12 
4079 12 
4080 12 
4081 12 
4082 12 
4083 12 
4084 12 
4085 12 
4086 12 
4087 12 
4088 12 
4089 12 
4090 12 
4091 12 
4092 12 
4093 12 
4094 12 
4095 12 
4096 12 
4097 12 
4098 12 
4099 12 
4100 12 
4101 12 
4102 12 
4103 12 
4104 12 
4105 12 
4106 12 
4107 12 
4108 12 
4109 12 
4110 12 
4111 12 
4112 12 
4113 12 
4114 12 
4115 12 
4116 12 
4117 12 
4118 12 
4119 12 
4120 12 
4121 12 
4122 12 
4123 12 
4124 12 
4125 12 
4126 12 
4127 12 
4128 12 
4129 12 
4130 12 
4131 12 
4132 12 
4133 12 
4134 12 
4135 12 
4136 12 
4137 12 
4138 12 
4139 12 
4140 12 
4141 12 
4142 12 
4143 12 
4144 12 
4145 12 
4146 12 
4147 12 
4148 12 
4149 12 
4150 12 
4151 12 
4152 12 
4153 12 
4154 12 
4155 12 
4156 12 
4157 12 
4158 12 
4159 12 
4160 12 
4161 12 
4162 12 
4163 12 
4164 12 
4165 12 
4166 12 
4167 11 
4168 11 
4169 11 
4170 11 
4171 11 
4172 11 
4173 11 
4174 11 
4175 11 
4176 11 
4177 11 
4178 11 
4179 11 
4180 11 
4181 11 
4182 11 
4183 11 
4184 11 
4185 11 
4186 11 
4187 11 
4188 11 
4189 11 
4190 11 
4191 11 
4192 11 
4193 11 
4194 11 
4195 11 
4196 11 
4197 11 
4198 11 
4199 11 
4200 11 
4201 11 
4202 11 
4203 11 
4204 11 
4205 11 
4206 11 
4207 11 
4208 11 
4209 11 
4210 11 
4211 11 
4212 11 
4213 11 
4214 11 
4215 11 
4216 11 
4217 11 
4218 11 
4219 11 
4220 11 
4221 11 
4222 11 
4223 11 
4224 11 
4225 11 
4226 11 
4227 11 
4228 11 
4229 11 
4230 11 
4231 11 
4232 11 
4233 11 
4234 11 
4235 11 
4236 11 
4237 11 
4238 11 
4239 11 
4240 11 
4241 11 
4242 11 
4243 11 
4244 11 
4245 11 
4246 11 
4247 11 
4248 11 
4249 11 
4250 11 
4251 11 
4252 11 
4253 11 
4254 11 
4255 11 
4256 11 
4257 11 
4258 11 
4259 11 
4260 11 
4261 11 
4262 11 
4263 11 
4264 11 
4265 11 
4266 11 
4267 11 
4268 11 
4269 11 
4270 11 
4271 11 
4272 11 
4273 11 
4274 11 
4275 11 
4276 11 
4277 11 
4278 11 
4279 11 
4280 11 
4281 11 
4282 11 
4283 11 
4284 11 
4285 11 
4286 11 
4287 11 
4288 11 
4289 11 
4290 11 
4291 11 
4292 11 
4293 11 
4294 11 
4295 11 
4296 11 
4297 11 
4298 11 
4299 11 
4300 11 
4301 11 
4302 11 
4303 11 
4304 11 
4305 11 
4306 11 
4307 11 
4308 11 
4309 11 
4310 11 
4311 11 
4312 11 
4313 11 
4314 11 
4315 11 
4316 11 
4317 11 
4318 11 
4319 11 
4320 11 
4321 11 
4322 11 
4323 11 
4324 11 
4325 11 
4326 11 
4327 11 
4328 11 
4329 11 
4330 11 
4331 11 
4332 11 
4333 11 
4334 11 
4335 11 
4336 11 
4337 11 
4338 11 
4339 11 
4340 11 
4341 11 
4342 11 
4343 11 
4344 11 
4345 11 
4346 11 
4347 11 
4348 11 
4349 11 
4350 11 
4351 11 
4352 11 
4353 11 
4354 11 
4355 11 
4356 11 
4357 11 
4358 11 
4359 11 
4360 11 
4361 11 
4362 11 
4363 11 
4364 11 
4365 11 
4366 11 
4367 11 
4368 11 
4369 11 
4370 11 
4371 11 
4372 11 
4373 11 
4374 11 
4375 11 
4376 11 
4377 11 
4378 11 
4379 11 
4380 11 
4381 11 
4382 11 
4383 11 
4384 11 
4385 11 
4386 11 
4387 11 
4388 11 
4389 11 
4390 11 
4391 11 
4392 11 
4393 11 
4394 11 
4395 11 
4396 11 
4397 11 
4398 11 
4399 11 
4400 11 
4401 11 
4402 11 
4403 11 
4404 11 
4405 11 
4406 11 
4407 11 
4408 11 
4409 11 
4410 11 
4411 11 
4412 11 
4413 11 
4414 11 
4415 11 
4416 11 
4417 11 
4418 11 
4419 11 
4420 11 
4421 11 
4422 11 
4423 11 
4424 11 
4425 11 
4426 11 
4427 11 
4428 11 
4429 11 
4430 11 
4431 11 
4432 11 
4433 11 
4434 11 
4435 11 
4436 11 
4437 11 
4438 11 
4439 11 
4440 11 
4441 11 
4442 11 
4443 11 
4444 11 
4445 11 
4446 11 
4447 11 
4448 11 
4449 11 
4450 11 
4451 11 
4452 11 
4453 11 
4454 11 
4455 11 
4456 11 
4457 11 
4458 11 
4459 11 
4460 11 
4461 11 
4462 11 
4463 11 
4464 11 
4465 11 
4466 11 
4467 11 
4468 11 
4469 11 
4470 11 
4471 11 
4472 11 
4473 11 
4474 11 
4475 11 
4476 11 
4477 11 
4478 11 
4479 11 
4480 11 
4481 11 
4482 11 
4483 11 
4484 11 
4485 11 
4486 11 
4487 11 
4488 11 
4489 11 
4490 11 
4491 11 
4492 11 
4493 11 
4494 11 
4495 11 
4496 11 
4497 11 
4498 11 
4499 11 
4500 11 
4501 11 
4502 11 
4503 11 
4504 11 
4505 11 
4506 11 
4507 11 
4508 11 
4509 11 
4510 11 
4511 11 
4512 11 
4513 11 
4514 11 
4515 11 
4516 11 
4517 11 
4518 11 
4519 11 
4520 11 
4521 11 
4522 11 
4523 11 
4524 11 
4525 11 
4526 11 
4527 11 
4528 11 
4529 11 
4530 11 
4531 11 
4532 11 
4533 11 
4534 11 
4535 11 
4536 11 
4537 11 
4538 11 
4539 11 
4540 11 
4541 11 
4542 11 
4543 11 
4544 11 
4545 11 
4546 10 
4547 10 
4548 10 
4549 10 
4550 10 
4551 10 
4552 10 
4553 10 
4554 10 
4555 10 
4556 10 
4557 10 
4558 10 
4559 10 
4560 10 
4561 10 
4562 10 
4563 10 
4564 10 
4565 10 
4566 10 
4567 10 
4568 10 
4569 10 
4570 10 
4571 10 
4572 10 
4573 10 
4574 10 
4575 10 
4576 10 
4577 10 
4578 10 
4579 10 
4580 10 
4581 10 
4582 10 
4583 10 
4584 10 
4585 10 
4586 10 
4587 10 
4588 10 
4589 10 
4590 10 
4591 10 
4592 10 
4593 10 
4594 10 
4595 10 
4596 10 
4597 10 
4598 10 
4599 10 
4600 10 
4601 10 
4602 10 
4603 10 
4604 10 
4605 10 
4606 10 
4607 10 
4608 10 
4609 10 
4610 10 
4611 10 
4612 10 
4613 10 
4614 10 
4615 10 
4616 10 
4617 10 
4618 10 
4619 10 
4620 10 
4621 10 
4622 10 
4623 10 
4624 10 
4625 10 
4626 10 
4627 10 
4628 10 
4629 10 
4630 10 
4631 10 
4632 10 
4633 10 
4634 10 
4635 10 
4636 10 
4637 10 
4638 10 
4639 10 
4640 10 
4641 10 
4642 10 
4643 10 
4644 10 
4645 10 
4646 10 
4647 10 
4648 10 
4649 10 
4650 10 
4651 10 
4652 10 
4653 10 
4654 10 
4655 10 
4656 10 
4657 10 
4658 10 
4659 10 
4660 10 
4661 10 
4662 10 
4663 10 
4664 10 
4665 10 
4666 10 
4667 10 
4668 10 
4669 10 
4670 10 
4671 10 
4672 10 
4673 10 
4674 10 
4675 10 
4676 10 
4677 10 
4678 10 
4679 10 
4680 10 
4681 10 
4682 10 
4683 10 
4684 10 
4685 10 
4686 10 
4687 10 
4688 10 
4689 10 
4690 10 
4691 10 
4692 10 
4693 10 
4694 10 
4695 10 
4696 10 
4697 10 
4698 10 
4699 10 
4700 10 
4701 10 
4702 10 
4703 10 
4704 10 
4705 10 
4706 10 
4707 10 
4708 10 
4709 10 
4710 10 
4711 10 
4712 10 
4713 10 
4714 10 
4715 10 
4716 10 
4717 10 
4718 10 
4719 10 
4720 10 
4721 10 
4722 10 
4723 10 
4724 10 
4725 10 
4726 10 
4727 10 
4728 10 
4729 10 
4730 10 
4731 10 
4732 10 
4733 10 
4734 10 
4735 10 
4736 10 
4737 10 
4738 10 
4739 10 
4740 10 
4741 10 
4742 10 
4743 10 
4744 10 
4745 10 
4746 10 
4747 10 
4748 10 
4749 10 
4750 10 
4751 10 
4752 10 
4753 10 
4754 10 
4755 10 
4756 10 
4757 10 
4758 10 
4759 10 
4760 10 
4761 10 
4762 10 
4763 10 
4764 10 
4765 10 
4766 10 
4767 10 
4768 10 
4769 10 
4770 10 
4771 10 
4772 10 
4773 10 
4774 10 
4775 10 
4776 10 
4777 10 
4778 10 
4779 10 
4780 10 
4781 10 
4782 10 
4783 10 
4784 10 
4785 10 
4786 10 
4787 10 
4788 10 
4789 10 
4790 10 
4791 10 
4792 10 
4793 10 
4794 10 
4795 10 
4796 10 
4797 10 
4798 10 
4799 10 
4800 10 
4801 10 
4802 10 
4803 10 
4804 10 
4805 10 
4806 10 
4807 10 
4808 10 
4809 10 
4810 10 
4811 10 
4812 10 
4813 10 
4814 10 
4815 10 
4816 10 
4817 10 
4818 10 
4819 10 
4820 10 
4821 10 
4822 10 
4823 10 
4824 10 
4825 10 
4826 10 
4827 10 
4828 10 
4829 10 
4830 10 
4831 10 
4832 10 
4833 10 
4834 10 
4835 10 
4836 10 
4837 10 
4838 10 
4839 10 
4840 10 
4841 10 
4842 10 
4843 10 
4844 10 
4845 10 
4846 10 
4847 10 
4848 10 
4849 10 
4850 10 
4851 10 
4852 10 
4853 10 
4854 10 
4855 10 
4856 10 
4857 10 
4858 10 
4859 10 
4860 10 
4861 10 
4862 10 
4863 10 
4864 10 
4865 10 
4866 10 
4867 10 
4868 10 
4869 10 
4870 10 
4871 10 
4872 10 
4873 10 
4874 10 
4875 10 
4876 10 
4877 10 
4878 10 
4879 10 
4880 10 
4881 10 
4882 10 
4883 10 
4884 10 
4885 10 
4886 10 
4887 10 
4888 10 
4889 10 
4890 10 
4891 10 
4892 10 
4893 10 
4894 10 
4895 10 
4896 10 
4897 10 
4898 10 
4899 10 
4900 10 
4901 10 
4902 10 
4903 10 
4904 10 
4905 10 
4906 10 
4907 10 
4908 10 
4909 10 
4910 10 
4911 10 
4912 10 
4913 10 
4914 10 
4915 10 
4916 10 
4917 10 
4918 10 
4919 10 
4920 10 
4921 10 
4922 10 
4923 10 
4924 10 
4925 10 
4926 10 
4927 10 
4928 10 
4929 10 
4930 10 
4931 10 
4932 10 
4933 10 
4934 10 
4935 10 
4936 10 
4937 10 
4938 10 
4939 10 
4940 10 
4941 10 
4942 10 
4943 10 
4944 10 
4945 10 
4946 10 
4947 10 
4948 10 
4949 10 
4950 10 
4951 10 
4952 10 
4953 10 
4954 10 
4955 10 
4956 10 
4957 10 
4958 10 
4959 10 
4960 10 
4961 10 
4962 10 
4963 10 
4964 10 
4965 10 
4966 10 
4967 10 
4968 10 
4969 10 
4970 10 
4971 10 
4972 10 
4973 10 
4974 10 
4975 10 
4976 10 
4977 10 
4978 10 
4979 10 
4980 10 
4981 10 
4982 10 
4983 10 
4984 10 
4985 10 
4986 10 
4987 10 
4988 10 
4989 10 
4990 10 
4991 10 
4992 10 
4993 10 
4994 10 
4995 10 
4996 10 
4997 10 
4998 10 
4999 10 
5000 10 
